126083014676
4.4038
127817670356
1.3363
128420325506
0.93223
128485837946
2.8264
128852623056
3.2074
129217508016
1.242
131173750076
10.249
131622107656
1.2938
135117835466
1.4161
136175920256
2.6517
136179366786
2.4528
136182886976
2.1262
136904976086
1.995
139116392596
1.4377
139862573266
2.6344
140042775106
1.6076
140117775106
1.1343
140550735046
1.3706
141965526886
0.93516
142161364096
3.0824
143476780936
1.2354
143632099616
1.8706
144039533456
2.1651
145121106436
9.3591
146122117626
0.85053
146131632156
5.3282
146227470946
7.4279
148785744586
2.4337
150732150996
9.6966
151873391106
2.4743
152361620056
1.9017
152780643426
2.4432
152903173796
1.6506
153002984696
1.9792
153283238366
1.7559
154653760266
2.3774
155927415446
2.7441
157498133546
1.504
158189537916
1.5131
158290427136
3.2737
158539225466
4.2872
158830013306
1.1694
158884403876
1.2037
158915536116
1.8212
158922334006
1.7273
159195492116
2.1093
159196534676
1.4752
159243167176
3.4797
159655500726
1.8067
160036292656
1.6717
160116746796
1.7978
160524083396
1.6481
161416938886
3.0174
161491019016
3.5758
161732825566
1.9458
161734589476
1.5835
162454629796
1.595
162669133936
1.9728
163277172646
2.0762
163822814346
4.2531
163826973466
1.9291
163834548896
1.0111
163849337566
16.133
163907216836
2.22
163923024566
1.0246
163967137486
2.1981
164436137026
1.1116
165463673196
4.2636
166139351446
2.4543
166304733146
1.1575
166856418096
2.249
166858417556
1.3815
166882499286
1.2487
166940225616
1.1598
167306450616
1.4113
167330316086
1.7759
167518737396
1.2898
168192742396
1.536
168198984936
2.2689
168297181126
2.1779
168381294816
4.3005
168426916206
1.43
168535391776
1.2902
168635506396
2.3465
169497767206
1.8017
169792720026
2.2102
169986188826
0.98309
170022360576
2.1834
170297863076
1.1367
170331285816
2.3371
170348205026
2.205
170514032296
3.0139
170581631406
2.5283
170599673386
1.1545
170785066896
1.6267
171309374946
1.3446
171404860636
1.1221
171449177446
1.2396
171673027186
2.2539
171674948536
1.2041
171778330936
2.1433
171852730266
1.1279
172020257456
2.5074
172119990476
2.2471
172121352526
1.1722
172235614606
1.5718
172258833096
1.6989
172869109056
4.1389
172963034076
1.5765
173264300846
1.3185
173906632166
2.929
174176810146
1.4136
174271425086
2.4297
174296183246
1.3271
174303382186
4.958
174580660986
2.0886
174649232416
1.4718
174744910386
1.3869
175645282476
3.4777
175676089176
1.8376
176289158786
1.7919
176726399926
1.3325
176838839146
2.1107
176983371826
1.19
177031116636
2.6666
177600890956
1.1823
177810072316
2.1815
177811873376
2.0925
177854119286
2.7758
177891185546
1.828
177909357016
1.2649
177944351986
1.613
177949317756
1.6961
178037952746
1.2265
178054955546
6.0108
178146694876
2.0636
178220358316
5.8084
178453579766
0.95896
179111986616
1.3553
179122986916
1.4904
179130898206
1.5148
179470902786
1.4177
179653681326
1.0937
179723712896
2.03
180047617336
1.3679
180085845766
1.2072
181025901166
4.7022
181065864346
1.1442
181784429546
1.7037
181852733566
1.5929
181853259316
1.2615
182076873126
4.4581
182221704936
5.2033
182809821216
6.9347
183296650726
1.8722
183362672636
1.4464
183628467636
2.4999
183660611816
3.33
183785102516
32.556
183896237186
1.511
184348797326
1.5754
184358956546
2.146
184435973586
1.1219
184625932846
1.1615
184801532046
9.1857
185294716776
2.4435
185335219986
1.5089
185564708826
1.3774
185851406916
2.6533
185922781246
1.4098
186331169096
5.7856
186957341116
1.8503
186987415536
1.2882
187143384116
1.8214
187154861786
5.92
187213078286
8.7454
187243198916
1.7783
187293970166
4.3267
187306656256
1.3266
187435935226
2.6278
187792356566
2.2516
187913374616
2.0314
187949010416
1.4883
188112597876
2.3576
189117152826
1.5546
189117710966
1.6204
189310624206
1.1307
189388909016
1.7137
189580038076
2.1842
189630982146
1.4547
189720982196
21.498
189747056386
1.6947
189872861756
2.6542
190008276746
7.3609
190128291136
1.5783
190528953526
1.5249
190532950736
1.3581
190708860476
1.619
190725810056
5.2052
190829269566
2.6148
190878747026
2.1382
190878938506
1.6449
190966371546
1.758
191009260126
2.8852
191017669266
2.8933
191162257416
1.4015
191170011236
1.6225
191432298206
1.787
191621867006
2.5696
191747819546
1.7776
191852038936
3.2323
191906615896
1.5392
191922293006
1.5377
191973654366
8.8249
192230101056
1.5644
192462022376
3.5103
192467823136
2.7783
192561058486
2.4021
192900184806
2.2787
193019210486
1.8719
193192469406
1.3878
193341451886
1.0222
193487011346
2.0061
193519338246
0.57388
193537177366
2.9804
193539774116
0.89867
193976365026
3.7824
194002009706
3.0035
194039122086
2.1355
194041325066
2.1878
194165135376
1.5864
194187015346
40.197
194199706316
1.9157
194395260296
6.5411
194499819366
1.6797
194506861056
1.4183
194511305476
3.1327
194511705686
1.8129
194515742126
1.7128
194631952856
1.6198
194654293686
1.5997
194832715586
3.3057
194849622786
1.6664
194851382106
1.725
194890222446
1.4092
195000745486
2.8817
195030538956
1.4868
195032528416
2.0437
195053863986
1.2
195206770766
1.4205
195372144696
1.6514
195374103856
1.6997
195380704326
2.309
195538144746
1.9406
195543821386
1.3654
195552228996
1.017
195563822426
1.4156
195569783876
2.4333
195684851236
2.966
195689414696
1.6985
195690457896
0.95604
195703419426
2.3069
195718817316
2.2445
195719898206
1.0601
195741948816
1.5505
195747198746
2.9515
195753559636
1.8683
195876451646
1.8299
195888616566
4.0247
195890058586
1.0036
195935225096
3.2182
196024027376
1.3576
196540737366
1.1826
196877821746
2.7559
197012593766
1.7594
197033011376
2.3718
197034555256
0.95993
197038643576
1.9011
197189247076
1.6669
197263385606
1.8716
197588311076
3.2368
197935292246
2.116
198101651916
1.9482
198130455026
2.1138
198158667796
2.0834
198186399606
4.2162
198244721416
1.7429
198252042856
1.4631
198421224346
1.4716
198528586316
2.158
198533943476
1.4336
198538467236
2.9767
198607932196
7.9063
198659935176
1.2627
198668973816
2.5274
198674501866
6.9931
198698629556
1.1741
198786107246
2.1681
198798211016
2.4986
198805659486
2.7903
198828257366
0.772
199071747766
1.5643
199330178276
2.2754
199536951796
3.1155
199579795406
1.384
199595969376
1.8607
199681305006
1.1309
199718460676
2.3678
199809298176
4.3415
199851052586
1.5554
199930372826
1.4654
200259017346
2.3758
200266377886
1.4769
200309506346
1.7565
200313743926
3.2554
200341823776
6.6338
200485148766
1.3858
200517109056
1.0987
200661929536
1.852
201012107956
3.6266
201155695086
1.4604
201303977606
1.5603
201391803366
1.181
201423270636
2.3607
201696496676
1.6437
201837951496
4.0033
201840831456
1.4789
201965406936
1.3639
202170193496
4.4921
202362136586
1.0414
202369361026
7.6683
202390581816
3.4491
202482061316
2.1787
202490105546
2.3992
202547667026
4.5361
202604336046
1.6727
203086281436
1.8383
203190531546
3.0206
203407567496
2.5954
203693073686
1.2029
203850404636
1.139
203997550226
1.3764
204221569846
2.2371
204406640966
2.4245
204631633136
1.8977
204749958906
2.567
205070527126
6.7588
205750929746
1.5217
205754088816
1.3852
205757848346
0.99302
205762724416
2.7642
205763993866
1.5485
206264240216
3.3633
206487166506
3.0938
206996036726
1.5955
207046043886
2.1578
207282834886
1.5159
207291155336
2.5384
207300475476
1.5077
208316403646
3.7497
208381129756
10.668
208385527706
2.5422
208427045846
2.1707
208450566846
1.7941
208581768406
4.9163
208723724536
3.0257
208730164356
3.151
208830275396
1.543
208837631396
1.2639
209103156176
1.103
209689169846
1.0803
209693168856
1.8976
209700362466
1.3945
210313552396
1.9914
210345671836
1.5661
210905310186
1.9735
211351849046
2.1527
212303436076
5.1799
212339272966
1.2676
212683830596
6.777
212694712446
1.6691
212834554476
1.6729
212877476126
2.0212
213858119086
1.5571
213868593886
1.2152
214024397066
1.249
214711361716
1.8306
214964035696
2.0185
214966550496
1.6015
215278315116
1.7441
215371911816
2.2703
215591070276
3.4914
215607514006
3.8824
215938470956
1.402
215944790956
2.0168
216365565636
4.4886
216740310616
1.6002
216906793926
0.98249
217369082796
1.7114
217389239666
1.4838
217585438066
9.4282
217589039426
1.6025
217933714046
1.3504
217934159986
2.5954
218067874466
2.2918
218091675706
1.6174
218436994276
4.176
218488563136
0.89233
218557153806
1.0252
218567074986
1.3404
218590670056
3.2061
218595474566
2.4776
218623759166
1.3124
218786032546
3.0815
218791834216
1.5876
218961438996
1.1293
218963913046
0.72001
219928364026
2.2236
220067727066
1.7881
221187114466
3.4065
221477273866
2.0525
221534409346
2.2665
221545799656
2.9481
221666596626
2.93
221687755276
2.1691
221702038986
3.2438
221704717086
1.4237
221706477166
2.1704
221891791886
1.6208
222059122936
2.1511
222472248966
4.9499
222721716216
1.4982
222925441856
2.5355
222960648096
2.5388
222982121506
2.2626
223132912506
1.7587
223332593716
3.5908
223439561776
2.7173
224186311116
1.226
224221321636
1.6106
224579877546
7.4601
225067033726
2.1354
225201837676
0.99838
225382194106
1.0741
225479550576
1.7791
225484159026
2.2808
225540955746
1.5362
225756964576
1.4517
226034557106
2.6068
226074995906
1.5345
226712845516
1.3085
226883569536
1.6861
228553762756
1.6946
228732644046
4.4122
228996487626
3.0736
230424041026
3.1195
230776686166
1.6112
232736563886
7.4169
234361080666
2.7701
236217083216
3.1745
237932165456
1.2953
239037603536
3.1459
239976761226
1.5304
239977488816
3.6558
240255848476
1.9055
241867807966
2.0711
243172325376
1.1583
243450281116
8.9264
245003329366
2.699
245598409246
1.7066
246162609866
2.0658
247225689156
2.4148
248459723196
1.5612
248614966956
2.9094
248928403446
2.1741
249632884656
0.93243
249865728606
1.5964
249876088776
1.9191
249899161226
1.6804
251295760266
2.3154
252747326046
1.1414
252771649016
2.5807
252825085006
1.8538
253977124866
1.7935
254251762886
1.2683
256147689556
1.1287
256380606596
1.8829
256392127136
2.493
256818566076
7.8644
256820205046
1.5208
256826286276
1.1325
256850164046
0.93535
256852204106
1.1596
256924565876
2.5768
258069724056
1.4003
260224809956
1.24
260237881366
1.0632
260245760966
8.7343
260343241276
1.5798
261237082076
1.253
261262720756
5.1518
261272049386
1.4433
261279361856
2.048
262062046746
0.78078
262112886956
1.3169
263923803566
1.6802
264554690006
1.1396
264701361046
1.9055
264880927956
1.9306
265154846056
1.5358
265176964616
2.6824
265346201186
2.7233
265350404916
2.4159
265565886486
1.3993
265662448136
0.89663
265671288436
3.0612
265973686636
2.7013
265977927346
2.24
266000366626
0.74571
266003522666
2.2957
266442481136
2.1101
266936162876
2.4962
266946280306
1.8287
267123925496
2.2301
267301482366
0.94795
267440529056
2.7618
267444166056
1.7032
267475763936
3.2918
267640804986
1.6561
267989966766
1.2874
268440842016
2.4097
268626808996
4.4542
268628601256
3.2977
268642684096
3.5581
268655166146
2.1513
268805046006
1.7815
268826760596
1.4553
269168888026
1.5964
270296885206
1.7347
270654602596
4.2655
270692968176
0.69241
271248800936
1.5453
271540642066
3.3533
271555041416
2.7879
271609164186
1.438
271731249516
1.5224
271782320986
1.9956
271934767756
1.8324
272139328066
3.9171
272785768996
1.6992
273211524076
1.729
273370125726
2.2353
273377286976
8.1054
273392765856
1.2848
273420640796
1.9055
273558449526
2.4146
274259366256
1.9591
274640009846
1.3949
274987164396
0.85042
275275806136
1.5556
275550682116
1.8051
275605249286
8.2061
275614849256
4.0088
276105888286
2.657
350246062866
1.4648
350248600286
1.2647
350342442806
2.1408
350569332026
2.1517
350691519626
1.5384
350693017246
1.4692
350693299096
1.1086
350693299386
0.97846
350693579186
8.8088
350694613886
1.2433
350695980826
2.1241
350699481156
0.98638
350700206066
1.5293
350700824356
9.9405
350701183716
1.92
350702422686
1.7369
350711243416
4.0349
350718289216
1.3349
350719280526
1.3337
350719476746
4.0844
350720390486
1.7577
350721041056
4.6286
350721320276
0.80555
350721591376
1.5262
350722148186
3.0529
350724590466
3.1882
350750953016
1.6298
350759146396
1.4107
350762377056
4.0865
350856657936
0.97505
350864573726
2.118
350869277646
2.3298
350901622186
1.2951
350904392076
1.1008
350958686316
1.3275
351238836596
1.5039
351243318136
1.9779
351405696076
1.5484
352106907736
2.2064
352230414716
1.5035
352239136206
4.7449
352252645086
1.9247
352370738536
3.3811
352374053576
1.338
352381255936
1.8211
352392711406
3.1758
352396193136
2.5046
352965374926
3.0518
352983225996
1.4494
352984831716
1.6577
352990557686
4.0375
353013317286
3.3879
353025471566
2.6568
353082884526
3.2912
353091578496
16.909
353095613486
1.5699
353257719756
1.1494
353263832796
1.5825
353467756876
2.6129
353474057766
3.323
353496377276
1.8269
353501423466
2.0468
353658414076
1.3965
353681635006
2.099
353784758306
1.1202
353787119116
2.3831
353789437796
1.9428
353792292006
2.456
353795170576
1.1992
353807648306
1.2356
353826861876
1.5104
353827267206
1.6834
353865622796
2.4759
353876806306
3.1955
353880035926
1.6585
353882661366
1.5007
353884068726
1.8695
353898403726
1.165
354176950056
3.8762
354283993736
3.4038
354491239636
1.7638
354501212026
1.2728
354502376126
2.6443
354503755106
1.365
354537649566
1.2507
354595588246
2.298
354597799076
3.3494
354597940806
3.0375
354601137446
9.5476
354604348246
1.5781
354609776726
1.1634
354610074976
5.7572
354612237026
11.096
354613514376
2.7446
354617708086
1.246
354623181466
1.6951
354623740436
1.1545
354628076956
3.0786
354628469076
1.6245
354632868066
1.622
354634923186
1.4138
354640474736
2.4366
354649687026
16.501
354651940936
10.702
354652167076
1.5466
354652998466
3.1752
354653481466
1.5601
354654082536
5.3237
354654779686
1.0394
354666038536
2.1644
354666580456
2.067
354667411116
1.606
354672954206
1.2167
354676444186
2.8899
354677562196
3.6509
354692921506
1.761
354830540056
2.5081
355093772746
6.9752
355102083506
5.7386
355105706196
4.241
355133149506
1.3093
355141178146
1.993
355144089346
2.8984
355145051416
1.6215
355147011886
1.0086
355147740286
1.3459
355149988096
1.2668
355150620266
1.3988
355151596546
1.8424
355168896686
2.4122
355179929226
1.7823
355195800366
2.6076
355288998966
2.0897
355289299766
2.071
355289464596
3.9577
355293302646
9.3237
355326819826
1.324
355333793496
3.024
355731812246
1.6606
355741214046
5.4332
355745552476
2.0201
355747544156
1.8277
355748353566
1.1815
355758915966
4.124
355882059706
2.0084
355884900006
1.2115
355885232496
1.4147
355890586926
1.2477
355891307006
1.4209
355892468576
2.2369
355900019826
1.3097
355904283946
2.706
355920017516
2.0512
355922180666
1.0343
355925651426
2.6776
355925665556
1.0956
355961568746
1.5035
356325117496
1.6291
356379843486
1.9426
356380242206
1.2083
356390261896
3.1744
356392715256
1.2427
356393270456
1.4731
356454293426
1.5918
356473930226
3.856
356475270696
1.4231
356480834866
1.4559
356481833686
3.23
356498516276
1.8287
356502596346
1.2133
356522326856
1.7326
356737852226
1.6379
356746791946
1.509
357342148476
2.2815
357716103966
1.4805
357722144936
1.7171
357723876876
1.5808
357757440526
1.8306
358088816226
0.98757
358122061746
0.64379
358138021576
0.80723
358147396646
1.2719
358148516556
2.4892
358157270626
1.1763
358159719946
1.7428
358182650626
2.0876
358196164366
5.1071
358201245396
4.4428
358219061246
1.8607
358228510866
0.7665
358818821316
1.3118
359050616396
1.3425
359922300596
2.523
360037066436
7.3146
360056142096
1.6879
360059789436
5.0024
360068433576
1.5536
360078294236
1.3272
360112841576
1.7385
360676340046
3.9787
361231186836
11.974
361272016396
1.2652
361274155146
2.4198
361300068196
1.4365
361313844016
1.6367
361322163666
2.661
361351566126
0.94741
361371403766
3.23
361832303776
1.5895
361862626556
1.9111
361874738476
2.3052
361876892656
2.4444
362643875456
2.7733
362644912166
2.5813
362645271676
1.7859
362742994816
6.5844
362765741616
1.0075
362770423096
1.3535
362776141416
1.8349
362792355326
1.4077
362797279176
1.5169
362801358806
1.3003
363098815536
1.0082
363102897886
1.6248
363105469666
1.7911
363130011516
1.7916
363190283966
1.2936
363222360676
1.5004
363234989406
0.75285
363264332756
2.6566
363268152946
4.5508
363271372696
1.691
363298461876
4.3432
363305667936
1.0558
363342324326
2.8879
363414881856
1.2911
363437957366
4.8188
363455708336
1.7017
363542763026
1.6105
363550408286
1.8827
363708860076
2.3834
363776035896
1.8767
363776930846
2.2742
363777911626
1.3362
363778431376
2.1634
363803885876
2.1976
363856081796
14.368
363904863446
4.0982
363928450376
1.6949
364007688076
3.151
364243113396
1.5366
364243658326
1.0628
364249433136
0.98373
364257588496
2.7947
364261907846
2.0242
364267393286
1.2462
364268585616
3.0164
364268753516
2.493
364269908876
1.4171
364358202226
1.3908
364376326046
3.0794
364542829486
1.5853
364562290626
2.4738
364567735126
2.1815
364635598976
2.181
364702569556
1.3188
364828902406
2.0292
364829304166
0.88523
364901148826
2.0006
364908517526
1.7179
364931315706
2.2019
364935158606
0.8088
364938033376
2.6108
364940212056
1.3952
364943018826
1.5248
364949253056
2.7063
364992841236
1.87
365007728276
2.237
365019720556
1.4216
365054181296
3.0985
365056506356
4.6232
365067462356
11.275
365073102906
1.3903
365088398896
2.7509
365097144696
1.2033
365164647646
2.3132
365169485866
2.5489
365173566546
1.3268
365207481076
2.4289
365231474286
1.7912
365243937076
11.955
365248973896
2.7434
365251490056
1.565
365251715586
1.2656
365277154206
1.4608
365278260826
1.4008
365280377956
1.2321
365285338796
5.0835
365294377326
1.5191
365309573236
10.474
365341898636
1.8487
365441603356
4.9493
365510063446
1.7233
365513585486
1.7909
365539196326
2.2566
365614992586
1.4203
365615186166
1.6691
365620434426
3.2082
365654090336
2.7479
365669691606
1.5345
365698885516
2.861
365701761146
2.4165
365708401456
2.902
366100386526
1.5955
366142014576
4.052
366541945876
0.98559
366669329596
1.3852
366710380446
3.3792
366711105846
2.5977
366711504926
3.3176
366716506506
2.2001
366717063576
1.6086
366720026776
2.9559
366721181966
1.3642
366724107476
1.6344
366740438026
3.9662
366748197616
3.5309
366749434456
1.5232
366755213186
2.4794
366755634756
1.8488
366758412696
2.0103
366760253536
0.93225
366771316936
8.2379
366772817596
1.5478
366776251236
2.0323
366849442636
2.0067
366859889406
2.7304
366860202106
3.1999
366863441186
2.4851
366865560146
1.2621
366899763026
1.4764
367132468116
7.7174
367178979456
5.6059
367181814746
1.4038
367268627266
2.0932
367281726116
1.6688
367361992846
1.8594
367645071146
1.9352
367664512416
4.3003
367670435256
2.2633
367673939356
1.6306
367677696166
2.1832
367685774156
1.5527
367755068436
2.1921
367755905766
2.0033
367756465676
1.7373
367758544396
1.3343
367759869206
1.4494
367772483536
3.7686
367772646696
1.4339
367784481326
1.3781
367791511846
2.8933
367794634416
1.3345
367801599146
2.1156
367802115826
1.8001
367802236796
2.2052
367819859546
2.0495
367822173886
1.5812
367918881016
2.1005
367929920256
1.1635
367954474666
1.7906
367956350976
1.0501
367956630566
1.1998
367956790096
11.187
367983378976
1.422
368083288496
2.4275
368083447186
1.4357
368091789856
2.0242
368100420906
1.2564
368149039836
5.4666
368179894486
1.4073
368183933256
1.8943
368272447626
1.6929
368285362166
2.0831
368287369236
1.7199
368292040566
1.6029
368292767456
2.1094
368350891066
2.0664
368573343026
1.4018
368617710506
4.4477
368693984936
1.885
368702863636
3.1147
368705502846
1.792
368723169226
2.2272
368745356396
1.6066
368748889606
1.1954
368773978296
1.4043
368777250536
1.871
368780857576
1.965
368814731576
2.219
368880284446
1.2523
368881487646
1.6701
368882725416
1.5377
368890480896
1.5995
368902122246
1.0632
369154429776
13.467
369157582146
1.2626
369231976836
1.5923
369232375566
1.8718
369558500256
1.4405
369601118956
1.4988
369645292256
2.3897
369706666006
1.623
369710064106
1.1113
369723906636
2.6039
369743513866
3.447
369744918156
1.861
369753073926
1.7512
369762664336
2.5611
369767021026
2.5845
369772852426
1.5443
369773864896
3.0358
369774643086
3.5495
369775865836
1.0775
369776018046
1.4536
369791274996
1.4565
369805094516
1.8397
369812850636
1.5654
369838931016
1.8318
369839132006
1.8371
369907126436
1.1101
369911680866
0.84643
369964001576
2.83
370205659876
3.6545
370207216436
1.5762
370232293876
2.7855
370254620196
2.6113
370298710336
1.2052
370314110276
1.6678
370332684496
2.001
370447566366
1.8553
370462720916
1.3688
370464247876
1.5984
370477049346
4.6776
370482281146
1.6833
370584768846
2.1507
370640701656
3.1059
370642500656
1.779
370643820226
1.4978
370668479336
1.2316
370697239416
2.5912
370706656716
4.0803
370720297336
1.3076
370725010096
1.2488
370835289926
1.8092
370844681426
1.9028
370865048746
1.3321
370875322506
1.0192
370877601396
1.8714
370959543276
1.9331
370991711356
1.684
371022465686
3.0263
371035217826
1.9866
371121907036
3.2562
371128944536
1.0635
371144876776
1.1228
371146235356
1.8407
371162167646
5.208
371206491886
1.7014
371206851966
1.5702
371207418216
2.0328
371220460616
2.0453
371232558246
32.78
371233955976
3.1215
371234590496
1.1037
371235071536
1.5004
371235071706
1.8706
371293896466
1.8951
371328128976
2.1339
371418964836
1.0813
371479533516
2.9154
371480296266
1.6817
371482092526
1.6825
371850239916
1.9764
371852951726
0.89491
371855758956
2.2957
371855996816
1.5386
371856675906
5.7456
371916811926
1.5967
371917076806
1.8784
371918935966
0.8012
371920197856
2.1236
371920695776
2.0997
371921736316
1.4057
371922058006
1.0265
371923195516
8.0247
371990535206
5.0423
372038844386
2.3101
372185025866
1.6506
372326910136
0.77469
372366731606
1.8235
372377325396
2.0362
372379849446
1.6626
372383099026
2.4014
372384123436
1.7963
372393188086
18.199
372396380706
2.2431
372431715966
1.9161
372438029466
1.6279
372438064236
2.9345
372516137216
2.0279
372531267316
1.2504
372542473816
2.2058
372543991086
4.1918
372548354146
0.79759
372575860686
18.254
372620897906
4.3416
372652575706
2.4955
372675155216
1.0862
372714839206
2.0802
372718624936
1.4495
372727232966
2.7404
372734357816
1.4563
372736954946
1.9104
372791295336
3.0341
372887081306
4.197
372924805286
2.0721
372940320026
1.4591
372960605586
1.9585
373021079886
1.4035
373044554256
1.2699
373186550926
1.6432
373318030246
1.1741
373318309556
1.832
373352945126
1.4277
373355186886
2.7879
373364740816
1.3118
373401538926
6.9876
373430650806
2.5563
373450170756
1.3882
373452338156
4.079
373463181966
1.1526
373465273446
3.2995
373484035926
0.75308
373494788666
10.764
373504147176
3.4979
373511152296
1.831
373516905866
3.7936
373522103636
1.4007
373523122586
1.6275
373540327256
1.7829
373559254646
1.9622
373580619916
3.0245
373592091566
1.7645
373691557286
2.4818
373691749566
13.909
373692429736
1.7874
373697793576
1.9113
373698354356
3.3945
373698680876
2.3208
373701037586
2.7766
373707474416
3.8472
373709197726
1.7655
373710127316
3.1362
373713985716
2.3524
373714040506
1.7395
373716356126
1.7567
373718149186
2.6576
373721665476
1.7714
373760930126
3.0355
373767933686
1.161
373775817506
4.2221
373777175256
1.6441
373786372226
2.1226
373793052206
3.218
373802892096
4.1384
373804810736
1.0481
373830703266
0.84483
373831267046
3.1664
373889204806
2.0135
373894765146
3.2583
373908325916
1.376
373921406356
1.1408
374025401616
1.2405
374025646946
2.5354
374047506186
0.85563
374147175456
1.8607
374229794496
2.0609
374233394416
3.5261
374234951646
6.5082
374373278906
2.1023
374407313236
1.4636
374409392256
1.0079
374460615456
1.9492
374461773746
1.6811
374551493406
2.6279
374572681736
1.4341
374586182456
1.287
374616582576
1.3258
374618420126
15.982
374619107576
3.3777
374620844336
1.8608
374706777226
1.6986
374781995946
4.04
374792278826
5.1055
374814064356
1.9471
374816503176
4.6855
374818444806
2.6899
374818631436
1.9673
374822186916
2.5045
374832086246
6.9532
374844822426
2.169
374892818716
1.5582
374900419586
1.5841
374912054626
2.6585
374920018426
2.9128
375007082066
1.4851
375018962706
2.6051
375026481586
1.7482
375049486166
1.4151
375056842916
1.9554
375172918186
2.1179
375177593536
1.9501
375177956136
2.3422
375179380926
2.0349
375180511906
1.8145
375188021386
1.0276
375190181706
1.66
375194593316
2.5551
375195119996
1.4752
375217977126
1.4656
375245733636
1.5079
375265295866
1.4354
375265734956
1.367
375274492466
1.4617
375283457386
1.7987
375344802226
2.6851
375370527556
1.2755
375371402146
1.4134
375371762516
1.9212
375374439226
2.0389
375381061126
1.2531
375395045226
1.9464
375397924496
1.9983
375398765006
1.5431
375402963626
1.8038
375469418236
4.8125
375517558746
1.9725
375527341306
1.4884
375527701986
1.4687
375595805296
7.211
375665908056
1.3586
375683027576
1.549
375691873966
19.613
375761375146
1.3227
375764654276
1.1725
375768254016
3.6431
375794651976
1.8248
375827496386
2.3448
375882244416
2.7189
375885060476
2.8548
375899363536
1.369
375919825586
2.1832
375927026176
2.5548
375941473696
3.2047
376033094776
5.167
376160086516
1.3759
376160169716
1.6486
376162769956
2.5541
376165805486
1.9211
376166564956
3.7042
376170816516
2.5713
376175607116
1.1534
376179904646
1.9109
376284876636
2.7554
376319707436
1.3792
376321787036
2.6809
376322711556
1.5185
376323395626
1.0537
376348197466
3.2052
376410939426
1.3269
376427739136
1.5984
376481019446
4.1154
376481614156
1.2182
376517361886
4.3374
376520769866
1.9617
376582803536
13.588
376744947956
1.0955
376748461106
1.5603
376750912626
2.1537
376804066546
0.97435
376813782596
1.7424
377030289796
2.8744
377034433086
2.1335
377351658816
1.9733
377451112036
1.7189
377479759036
1.7459
377582357946
1.8677
377598864966
1.5458
377598929636
2.105
377679977116
1.2321
377681602896
2.5605
377949492616
2.0578
377953612846
2.4755
378060522266
1.8717
378096665676
1.0318
378129163646
2.563
378345295536
4.6711
378464910926
1.7037
378476786036
1.5832
378581899826
1.5289
378584411146
12.124
378703528926
4.0029
378774391696
2.3258
378781557896
1.148
378824516876
1.243
378831233496
1.2795
378864740246
1.945
378912459116
3.0192
378942730666
2.9467
378995506246
0.99983
379042160736
0.99693
379044281576
1.9728
379055510626
1.7698
379094483076
1.341
379178218996
4.6591
379273081756
1.0414
379287764256
1.2436
379369418646
4.4343
379419911476
1.1831
379423432596
1.799
379559019596
0.94216
379666364156
1.5986
379708829326
2.1443
379722343356
1.2821
379764979586
1.6832
379765215856
1.4114
379767291926
2.3884
379863639756
1.4751
380120728596
3.1799
380364113006
3.6627
380393380016
5.9689
380413426636
2.5704
380485177646
1.5103
380532210986
1.0193
380588197376
2.5606
380591683076
1.6449
380599081756
1.7114
380600903486
1.4564
380692898966
2.2814
380741351076
2.0162
380751997006
3.2682
380772780046
2.8077
380828848246
3.801
380829082966
2.6191
380841545696
1.3376
380860973756
1.8374
380992367726
1.1597
381005760996
2.9265
381041064926
5.3375
381049636596
1.71
381098167546
1.177
381353561306
3.1951
381519634936
1.8905
381519910436
1.7333
381528806266
1.328
381680620336
0.76876
381692614586
1.9428
381784649276
7.1471
381786961626
1.1427
381790362686
1.314
381790522686
3.0259
381808808356
1.5054
381943543956
1.2611
381952863796
1.3411
382004348026
4.0294
382026468066
1.4723
382062138166
2.6019
382079854476
1.866
382120558366
3.0267
382125657266
1.9213
382128878516
3.0108
382129539716
1.533
382136602546
1.5395
382140916676
2.5774
382178704426
0.93198
382180943216
10.06
382180964026
3.1148
382246240266
2.0426
382286332566
1.9874
382291255486
1.7894
382297930646
1.701
382415402006
1.3673
382418086886
2.2361
382421005856
2.0906
382453689786
2.0051
382467811026
3.6318
382513822796
1.3015
382529105926
1.8362
382536387506
1.4231
382589637186
1.0219
382595358866
2.0677
382598358396
1.7882
382623858876
1.5472
382630374936
2.3564
382666907386
0.83084
382667546616
1.3578
382680866336
1.1721
382697203846
1.6269
382743248146
1.0199
382756367536
1.1683
382761721826
4.2787
382764376866
1.7695
382773335986
1.057
382773539776
1.2673
382776656966
2.3419
382777035756
4.3022
382836406066
1.9198
382836663406
2.4012
382862806916
3.0507
382863409996
1.125
382882602966
1.8179
382898209636
0.8171
382906202966
1.2062
383168227326
1.6846
383226249896
1.197
383229727216
1.2416
383231682046
2.5799
383231761806
4.0008
383299390836
1.1157
383303032356
2.8897
383372627536
5.8144
383396140176
1.9904
383417249506
1.4974
383476254126
2.156
383486656196
1.5537
383599286186
1.7329
383635240786
0.91429
383692119696
1.8082
383696195236
2.0597
383705112196
1.8539
383714070456
1.5379
383741424206
1.1067
383744265106
2.0974
383874577906
1.2281
383933816086
1.5663
384178074616
1.4334
384181432516
1.3615
384184870546
1.9208
384204231166
2.8749
384205079256
1.2985
384207197956
1.9334
384318933046
1.342
384347494036
2.7824
384366332386
1.384
384381339266
1.6299
384463167376
1.2152
384492126226
1.0635
384495760746
2.3018
384582675866
0.73311
384619581076
0.9091
384788665896
1.0792
384856565596
2.0943
384870602656
1.4691
384897004886
1.9663
384923257496
1.195
384950874466
0.68904
384993936266
2.0574
384998572826
1.9623
385015153336
1.5407
385023088136
1.7172
385026239866
3.2238
385034560336
3.7453
385035322576
1.2671
385035926436
1.6181
385042240476
1.9357
385046072396
1.9117
385085786356
2.7208
385113966356
12.735
385118844986
1.1874
385121444996
1.4411
385155091766
1.7482
385247612106
1.5549
385396552216
12.22
385408874436
1.7721
385439996376
2.1382
385441223126
1.1026
385466590946
1.9005
385474075756
1.0683
385589299616
1.3607
385603875816
2.1495
385641513656
1.2926
385652387816
1.8507
385654224026
1.8049
385666374716
1.201
385700007616
3.1592
385716821886
2.8963
385758485616
1.5007
385795378426
1.3611
385799253326
2.372
385804577616
1.802
385806970736
1.9102
385829979766
2.1928
385834219986
1.3709
385838374946
1.5047
385886310566
1.1807
385913561746
2.3688
385914004726
1.9731
385927327736
1.2779
385941882076
2.8396
385947522816
0.9804
385972245906
2.4503
386019170826
1.5232
386080693236
4.8199
386185390056
1.0926
386188474396
2.3723
386191361806
1.8482
386192004906
1.5927
386193000016
2.0212
386214431926
1.9456
386219439176
1.402
386219673226
1.6283
386227718976
1.5577
386234261526
2.8061
386267424346
2.437
386267586056
1.3089
386278266476
1.6562
386333045036
1.166
386348166296
6.9898
386417091946
3.3303
386489646576
1.5767
386511500156
2.0697
386524004246
1.3883
386528080716
1.5991
386529928806
1.505
386532528956
2.1517
386655429626
1.604
386767449046
1.0269
386770839316
1.7819
386771239786
1.8117
386778270586
3.2578
386779516896
0.96662
386780552046
4.4231
386830398586
3.6352
386833620536
1.0152
386856156896
3.9526
386863551906
1.6403
386905725816
0.89779
386954275576
5.2892
386965279866
2.8081
386970231296
2.6091
386980113386
1.7866
387038572136
3.5297
387094445426
1.4042
387112873056
2.1585
387125056276
1.0102
387161042546
1.8256
387165818636
1.9467
387277047546
1.2789
387283521636
1.9243
387288843216
1.7849
387435800436
0.90155
387456077386
2.0556
387479917126
1.3861
387520267476
3.0881
387520702936
2.4788
387656176356
2.6988
387670618116
1.873
387691826886
2.3253
387698388136
3.0878
387978517096
1.4897
388025588866
1.4022
388027519566
1.2887
388029157156
1.4492
388033750106
1.7753
388077464076
12.829
388173197056
1.5396
388181554996
1.8885
388209742736
2.2121
388301647566
1.7021
388306649666
1.7246
388319686456
1.9961
388476551546
2.2225
388491550326
1.49
388503276816
2.1017
388512365516
1.4651
388529900546
4.5198
388547392546
2.8822
388549078086
1.4005
388600425396
2.6883
388608980966
3.6872
388707624026
1.5425
388708317706
1.9344
388712476326
3.0236
388718072516
1.8286
388718113496
2.7234
388727903026
1.9379
388741341256
1.1958
388743749556
2.247
388763780686
2.1163
388770934146
1.9621
388780942536
3.5799
388805400716
1.1548
388834802876
6.6909
388880518086
1.6037
388881271486
1.7401
388898459216
3.8776
388922778816
1.7453
388927656166
1.9402
388934891646
1.4605
389023881886
4.013
389032808766
1.5822
389039442856
1.1031
389053561676
2.6586
389068773646
2.8723
389085799566
3.4542
389130782666
1.4395
389137262296
2.5888
389174048146
3.5764
389235157846
1.2436
389330774846
5.0823
389332728476
2.1628
389410846646
2.0848
389440841016
1.7971
389443361376
2.4668
389453978356
2.7991
389559527006
1.7528
389601956446
1.2649
389601958506
1.4251
389605311326
1.4064
389606310136
1.6303
389637377276
2.0976
389745181126
3.4873
389749245166
1.3293
389749245366
1.8506
389749286816
9.8335
389773307016
0.91529
389905433596
1.9444
389926681296
2.3281
389947198006
2.5529
389995211836
1.5831
390064329496
2.8212
390073064596
15.544
390076520056
2.5057
390097738736
2.073
390109302846
1.2898
390134977866
1.8288
390162658696
1.2535
390181461296
4.093
390201200226
2.7869
390247328676
2.0661
390254556926
1.5146
390314498706
0.95059
390330011936
2.4731
390373360746
1.6719
390424586136
1.1176
390427063176
1.812
390476933826
9.3644
390502895616
5.9006
390514091056
1.33
390524294396
1.3553
390567839406
2.9498
390600769786
2.4372
390615882676
1.2106
390720245256
3.0898
390914308076
2.8766
390960226406
2.9337
390977547016
2.1292
391050310406
2.3749
391134547426
1.9496
391134572996
1.6282
391146299056
1.2061
391246637886
2.187
391247562996
1.8677
391270122796
1.7777
391321060856
3.0671
391439998996
1.9876
391452364196
3.2762
391501212256
1.563
391526931626
2.8623
391548395746
3.4373
391609109166
1.396
391629003976
1.9802
391663092576
1.6166
391671826566
2.5406
391672065846
2.0095
391814332006
2.4569
392019310286
1.9957
392023914106
1.3412
392072422726
1.7169
392079467046
1.2991
392271706396
1.374
392273669156
1.208
392294652976
0.87428
392368689936
2.6966
392385122436
1.7203
392404426576
2.1067
392494931356
2.8608
392500695066
1.5276
392663070186
2.4757
392669671446
1.1962
392686756206
2.209
392695154326
3.1659
392705436376
1.1676
392706473176
69.85
392771942756
1.6455
392771942886
1.4186
392795615656
1.3524
392802419316
1.5442
392895808676
8.6025
392898767956
1.6758
392977050386
1.6773
392977050516
1.7339
393082070336
1.9945
393086993906
1.071
393099815156
1.097
393104477586
2.1681
393105113946
1.4733
393111118036
2.383
393125386206
1.3393
393144386006
3.4862
393150346536
2.0516
393153501836
1.7067
393194204516
1.5689
393228478416
2.1966
393229838406
1.7298
393275546016
1.5559
393304785736
1.7315
393312308716
1.9704
393316345436
1.1969
393317189276
1.3186
393336651776
0.88498
393351734516
1.8589
393363015796
13.476
393379072026
6.4193
393381911826
0.83834
393392655566
1.2594
393394817006
5.8315
393411459146
1.2229
393448958866
2.1907
393457369816
2.3686
393460664876
1.5749
393476000496
2.0669
393510852036
3.0905
393521936106
3.1127
393540052266
3.1419
393550670386
1.7223
393597113146
1.0767
393621085746
1.2982
393632746156
1.469
393766607776
1.6159
393824846476
1.5413
393827498866
2.5239
393831253356
1.1712
393873414826
1.116
393881733796
3.1895
393947806696
1.5588
393956517486
1.5202
394009889196
1.6673
394014440376
7.3868
394235730556
0.58285
394237071376
1.4684
394245274106
6.4654
394245699616
2.5411
394310309696
1.1191
394314025426
1.2854
394317181586
1.054
394319824336
1.7085
394327388436
4.1339
394335325556
0.8276
394358140516
2.1168
394361503346
1.2757
394368301906
2.0413
394408217766
1.5325
394408819116
2.0338
394453554236
4.951
394457958476
2.4384
394510649516
1.7706
394526457746
1.3173
394539706636
2.4589
394590263716
1.8742
394625524666
7.9299
394632325146
1.6524
394634124686
2.7789
394653649196
2.1087
394712930536
1.8476
394745453806
2.8467
394805246896
1.4268
394824433636
5.1545
394838315616
1.1813
394895905046
2.4063
394984673026
2.5396
395006885296
5.1376
395017313366
1.7385
395036673426
1.7608
395122693716
1.2159
395211806266
1.5257
395223713396
1.9166
395250083976
1.9711
395280056926
2.1951
395320985606
3.1326
395322894836
8.1654
395331556396
1.0953
395345034516
6.6097
395347153876
3.5579
395372153966
1.3598
395374834546
2.622
395387628086
1.3283
395392381086
2.6755
395426702466
1.8301
395444303666
1.0202
395444906116
1.7646
395452473306
1.5023
395464784986
0.89978
395466599956
1.4794
395473428366
1.4425
395503958806
1.8951
395509031736
1.1263
395576419786
5.1019
395578137366
2.3455
395588246526
3.3343
395589011826
3.2328
395598389336
1.1746
395601223216
2.639
395602572666
1.2461
395605583096
1.7107
395605664386
1.336
395607491226
1.2467
395620320306
2.0938
395666698376
2.7372
395681806586
1.6533
395760169006
1.9033
395762841076
2.9893
395771842266
0.93081
395823758866
1.8514
395828193476
1.4287
395833755336
1.7598
395855630206
2.0433
395905760616
2.9722
395908905046
0.93678
395915146396
2.443
395922746806
2.5034
396035468536
2.0383
396052958676
1.0944
396087836656
1.901
396091073136
1.752
396107170646
1.5169
396132252916
0.71062
396133934516
2.283
396169036626
6.7851
396194943506
1.881
396215845446
1.3022
396233039426
2.2124
396337140916
0.93728
396368298226
2.8805
396455242656
1.1403
396469921776
2.8078
396489946706
2.5101
396491956326
1.2219
396497241196
3.192
396543239596
1.2055
396593508846
1.532
396611108876
3.2017
396627024496
4.3444
396630465756
2.1792
396778731296
1.1042
396783603486
1.0834
396783893906
1.5486
396797924136
3.0796
396803819526
2.2246
396819291476
1.5982
396843897686
1.1715
396863016696
7.472
396893367736
2.1896
396900728466
2.2101
396916123726
2.1637
396923681136
1.6972
396925641606
2.2807
397532471576
1.7824
397642827156
1.9344
397647184326
2.3793
397647547056
2.4281
397773748926
1.2412
397828576576
3.9054
397830815196
1.7872
397903436016
1.7418
397928917556
1.3099
397940168626
1.9345
397942004216
2.1435
397942129136
1.6514
397945166566
1.035
397945923486
1.3059
397946122476
0.95678
397946680786
2.3778
397947483866
1.3715
397947809556
1.3584
397950401546
1.0089
397973716266
4.2738
398040070166
1.2354
398063725976
1.6884
398152382376
1.3431
398161472596
2.2967
398230211276
3.1023
398334933076
1.5181
398335214066
1.4872
398454408636
1.7467
398681037436
5.0164
398683030726
29.919
398690196046
9.8081
398706638836
2.1685
398740889976
1.4527
398761944406
1.8505
398773543176
1.2276
398774294106
1.9973
398791657946
1.899
398821140666
1.2221
398825743326
1.5127
398831665306
2.0184
398841477246
1.8003
398845878386
1.2976
398849516946
8.8763
398853599796
0.99765
398857430536
2.032
398858549996
1.5841
398912755726
1.1398
398914684226
1.5653
398974707676
1.6244
398976586146
1.7098
398981946736
2.0365
399077884216
1.3107
399079889616
3.033
399108480966
1.6507
399126125926
1.4674
399127848906
1.9652
399134920126
1.6173
399151619756
1.259
399160858176
1.3668
399162011406
2.3242
399197942786
1.3731
399241803486
1.8613
399278528136
2.0433
399279403126
2.4716
399279885786
1.2814
399281165576
2.6713
399282565256
1.9963
399287646086
2.2942
399289363706
1.3728
399373339916
2.9878
399376094256
2.3895
399379093756
6.5105
399510680816
3.2049
399529711516
1.8261
399654240226
1.1247
399869955486
4.7321
399870435976
0.6905
399873796936
2.4959
399881718356
1.8564
399887191626
1.661
399889436856
4.4444
399891075646
3.6609
399892913326
0.83856
399936722446
1.6457
399981021916
1.9208
399987627696
1.6618
400015589936
1.0877
400039317446
15.39
400041431316
5.4631
400042751206
1.9074
400044156256
2.5068
400070700496
2.2286
400149092176
1.3962
400150655336
1.189
400152613656
2.5765
400164182876
1.4244
400173455066
1.4496
400182933216
4.5832
400189132036
1.8988
400190428456
1.3306
400191027096
1.7376
400193781676
1.7547
400195660326
3.7847
400232106696
4.2219
400295921796
13.706
400296487176
2.3705
400303408436
2.0245
400307057236
1.2205
400321362616
1.6293
400324924266
0.79221
400330802096
1.7304
400332960996
2.1022
400334965546
3.1638
400335844936
1.4156
400340320796
8.0121
400352456136
1.4331
400354294406
1.9486
400361812516
1.2954
400489329286
1.5249
400494082886
1.7082
400536265726
1.0129
400536705476
5.672
400712852006
2.8858
401063634956
1.824
401084594336
1.5078
401258542836
1.5503
401266424846
1.6484
401267347226
2.2838
401267464016
2.0225
401317882186
1.5982
401318403366
1.1641
401318800966
3.5144
401319202126
1.6497
401419972696
1.8844
401427855786
1.7915
401570969886
3.5145
401575560216
4.2361
401579329936
1.2981
401582680996
1.934
401609181236
1.512
401774696566
1.6683
401778370426
0.83653
401780054646
1.3669
401914998026
1.7291
401922895746
1.2667
401924164686
1.5123
401927126586
10.002
402005637966
1.7477
402009715336
2.5998
402039437406
5.0136
402042195506
1.063
402053353516
2.2002
402057470676
1.0337
402074825936
2.1678
402176999936
1.0371
402219595476
2.5871
402225714196
1.3759
402225877596
5.5433
402229235496
2.5471
402229792116
1.7853
402230275536
3.428
402233954216
2.1126
402235394386
1.9333
402236458656
2.1968
402236471276
5.4667
402238774836
1.5653
402243990706
2.5108
402338056336
2.2147
402341896786
3.4417
402374707776
2.5292
402379237086
1.0665
402381582106
1.8433
402381829546
1.3555
402384471636
1.9146
402385347746
1.1123
402386464036
1.2716
402387025216
5.4129
402387319156
2.6345
402388824866
3.5033
402389188656
13.209
402389546676
1.9407
402391740926
1.9662
402392127926
1.1522
402395468176
1.8504
402482560736
1.2326
402494605236
1.7822
402494766646
5.3003
402522018186
2.1282
402524788656
1.4054
402529608026
2.1325
402537581736
1.4025
402539377986
2.3928
402540107816
1.4578
402542502376
1.7387
402543302246
1.6587
402543937806
1.6887
402545696296
1.6186
402546611476
4.1207
402549051606
3.259
402550339036
3.0663
402550800246
1.8201
402551611606
2.3154
402552936566
2.6171
402554339926
2.3173
402571945706
3.5023
402655116366
1.2014
402691477296
14.905
402692191496
1.4799
402693358646
2.2173
402698198436
2.5041
402703882096
3.9232
402704291896
1.0061
402705040906
3.2705
402705408856
1.0546
402705613846
2.4403
402711920986
1.1492
402715565266
12.414
402718407566
3.3029
402814703336
1.769
402848541876
1.4006
402848663056
1.6723
402853488956
5.7811
402854327486
1.3941
402859484816
1.2772
402860822136
1.7284
402862805426
4.1679
402868345846
2.5131
402870587996
1.248
402961558206
1.9887
402974698516
4.1331
402980656216
1.6525
403021251406
2.4528
403142280016
1.1361
403149117276
4.4416
403165929246
7.1477
403165929256
1.8849
403167007256
1.6184
403187278006
1.0794
403188838096
2.7749
403291987056
1.2392
403292782156
1.8479
403293225736
6.2789
403293505476
2.2139
403297102946
2.5718
403300025726
1.7289
403317747536
1.2647
403329467696
2.2195
403364676556
1.6716
403364717006
2.4799
403382712736
1.6702
403383874196
2.6729
403459937036
1.1019
403463854526
1.087
403466976576
1.7574
403467173046
1.3572
403467494056
4.7004
403505869556
1.7174
403522820476
1.9468
403617929726
1.7256
403618129916
1.0607
403618289606
2.793
403621244786
1.6025
403650007436
6.54
403688011196
2.1575
403692222206
1.6074
403697629506
4.285
403700690786
2.6465
403700861036
1.863
403701258766
1.7101
403707050016
3.3449
403844760826
4.467
403846240496
3.1247
403848085606
1.8117
403850165066
1.0065
403857330786
8.6766
403858494286
2.312
403868656626
2.1164
403870739896
1.3118
404010926306
2.6541
404012281626
1.3953
404015284036
1.7999
404028524896
1.0835
404030841926
1.589
404178278566
5.6753
404193230696
1.3878
404324024756
1.5074
404340190096
2.3094
404357317876
1.6727
404357397926
0.74405
404466599596
1.8512
404466716796
1.6745
404470277796
1.8026
404475279566
4.1916
404478953796
1.6112
404500781496
1.704
404505385776
1.2318
404505983936
2.4561
404506235496
0.74354
404507907466
1.4231
404511977376
1.5792
404513418906
0.91304
404518674466
1.5987
404523915876
2.2711
404612143506
2.3041
404616347246
1.2954
404625903186
2.972
404627149826
1.598
404628460636
2.9461
404628509476
6.2835
404631621466
4.0828
404633140476
3.7355
404653282196
2.6925
404667327106
1.4887
404667762406
1.988
404669506246
1.4944
404669793136
3.2557
404670340476
1.2361
404672546166
1.39
404676143846
3.1135
404676305596
2.0024
404681178566
1.6509
404687893816
2.2711
404689412666
3.3519
404692933996
2.0045
404697731236
1.4231
404701611936
1.2807
404808215076
8.5379
404808377716
2.9209
404812373456
2.6404
404813578656
1.5379
404814219576
1.5021
404814570596
2.0128
404835125086
1.449
404843728256
1.6259
404848693016
1.3822
404884290216
1.6661
404963402556
1.6339
404964729316
1.5692
404967201976
1.4395
405012244236
1.1706
405013402826
1.322
405018280266
8.6134
405174003586
1.1835
405308085816
1.7075
405319275946
2.167
405341632186
4.8247
405346354046
1.8663
405347112706
11.737
405356597646
1.2319
405359751306
1.841
405364035636
3.312
405364313006
1.4845
405386930476
2.6398
405458427066
1.4178
405472228826
1.5177
405474989596
1.5837
405478024406
0.86655
405478229706
4.1303
405479669946
1.8511
405482467506
2.9144
405485501026
1.9966
405491149846
1.8105
405494719476
2.2301
405495585166
1.3321
405500540986
3.8975
405501021296
1.3007
405640627996
10.755
405643223066
1.2279
405662347186
1.9369
405676416526
8.3555
405680419936
1.7705
405682304156
1.2699
405683459686
2.6352
405698530406
2.0031
405824128066
1.2488
405824569156
2.4779
405827688746
1.2478
405827727776
8.5465
405845443156
1.9633
405876941886
1.4397
405895700326
1.5667
405904136116
1.462
405908730256
1.3357
405930233006
1.4437
405937993616
2.5203
405940632996
1.4305
405940714956
1.5786
405942118336
6.3885
405948593986
1.8727
405969512266
1.1
405987249386
0.83193
405988724866
6.6233
405988801266
2.3031
405989564916
1.6156
406015907766
4.7221
406017651646
1.3766
406051529746
1.4102
406062427156
5.9532
406098947956
1.5825
406100468506
1.6966
406101544306
1.1948
406104143456
1.5678
406104663336
1.5295
406109587726
2.303
406115424946
1.6921
406116621656
2.4335
406116861566
1.4157
406258775006
1.0809
406270935726
1.6045
406283813446
2.4791
406290173336
1.3725
406298459706
1.1709
406301937986
6.1619
406312618236
3.5159
406324296276
2.7311
406324934216
2.8909
406326412856
1.8863
406390046886
1.5212
406407686506
1.0525
406433847686
1.5028
406435609546
1.5893
406437884296
2.8311
406439048796
1.1565
406440482886
1.8953
406444403756
1.6752
406449529126
1.2754
406457326256
1.4642
406773315536
1.5323
406774368836
1.7132
406787476636
3.0383
406824223086
1.6425
406825463106
1.2922
406940149296
2.4905
406981865356
1.8985
406992335946
0.94453
407026073236
4.6576
407054951886
2.0909
407057350696
1.3744
407059359576
2.1713
407066117606
1.4746
407163164906
2.457
407163991166
1.8463
407165002356
1.743
407166161476
1.7183
407166916316
3.2197
407176635416
4.0158
407198816286
1.5088
407202891206
2.5951
407204820226
1.6224
407205579116
1.7398
407212784926
1.2388
407213984976
4.4215
407214542576
0.96967
407218386276
1.8131
407284488316
2.8737
407289042826
1.4161
407330500546
6.2126
407331341776
1.3943
407331942246
1.6938
407337850886
2.732
407356984796
2.2939
407375198136
3.2812
407406094486
1.3222
407424812286
4.4716
407425374656
1.5822
407427175866
1.4319
407431291986
3.056
407540577256
1.4429
407554764586
0.7324
407556966156
1.2989
407558401596
5.2965
407559567106
4.0449
407588414846
4.5211
407669562296
1.3951
407671162476
1.6232
407674443106
2.7523
407736419336
3.3023
407743655206
1.1549
407744423136
1.4557
407970297266
3.5422
408023651176
3.7442
408092954056
2.1557
408117602146
3.1344
408120564626
3.3662
408269438696
1.5716
408271518046
2.5646
408287838286
2.1015
408296593036
2.2152
408449474946
2.8009
408449505986
1.9479
408451154436
1.722
408463261716
1.7234
408463950806
1.4006
408475210386
3.2003
408611197086
1.736
408611494966
0.85713
408613689666
2.4179
408614145696
1.303
408640354606
1.1816
408641177286
1.5356
408641630976
20.131
408643550826
1.3674
408658853806
2.2503
408672336326
1.697
408779080216
2.5469
408786507156
2.4646
408804067346
3.0704
408806245746
1.2845
408815023196
1.1568
408818623126
1.9024
408821709966
2.0675
408822937226
7.2383
408823468336
4.1818
408830338206
1.6989
408831811126
1.083
408898539256
1.9341
408966209636
1.611
408968165586
5.6116
408969128236
1.5061
408970803986
1.9941
408974045186
3.311
408974046896
1.5728
408974125706
4.2321
408974681016
3.2108
408978135036
4.3587
408989162146
0.94211
408997890936
1.4053
409020492896
2.872
409117119796
1.9847
409126969426
5.7278
409129160406
1.9711
409144760296
1.9258
409146046946
1.8856
409159790496
4.4196
409173608906
6.0837
409179049476
2.4704
409179166176
2.157
409185765636
4.1583
409298303206
1.7947
409477872906
1.4541
409518869956
1.3313
409540930096
1.1834
409542413706
1.5311
409545178196
2.5532
409646440726
2.0498
409675785686
3.1554
409719356576
1.6836
409725056326
3.4305
409734918686
1.7124
409742476166
1.3263
409864767456
1.6552
409872288606
2.6793
409883882706
8.5357
409895786346
1.5825
409902386286
1.2033
409903704556
2.1987
409904384446
1.5651
409913071786
2.3014
409916877016
2.5816
409919237566
1.0826
409925904236
1.5776
410009285936
1.3967
410018282286
2.0709
410037767566
1.6301
410040047086
2.6878
410053740526
2.1928
410091109996
1.7619
410108211096
1.6925
410111051896
1.9963
410254165426
1.9329
410296853246
1.3631
410311131366
3.4462
410311215116
2.2923
410478758026
1.6899
410629227246
1.334
410659544796
1.7161
410662864696
1.2295
410663388316
1.7319
410664907656
2.6835
410673702746
2.1534
410678868476
2.2587
410691197646
2.7877
410695270256
2.8596
410843629166
6.3639
410855151886
1.6556
410858051926
1.6676
410862261466
0.64943
410865461366
2.0714
410878011016
3.2301
410878133936
1.0124
410881732136
1.8508
410884376876
3.0288
410903130296
6.3185
410962069656
2.1544
411005329896
1.343
411010722106
1.9131
411018241936
7.1882
411025487776
1.5244
411043034136
2.3336
411048290366
2.0784
411082532916
2.6676
411082610156
6.3313
411179279796
2.0278
411191488926
1.6864
411195126266
2.8237
411213985446
2.077
411219985536
1.3333
411221920706
5.1119
411226865616
0.84601
411234376896
4.7185
411235541516
4.3325
411248658756
1.7838
411255697746
1.6212
411377164566
1.1467
411475051246
1.723
411475893686
2.1133
411572887436
2.3654
411582215686
1.1198
411588123866
3.569
411588455496
1.7559
411592800406
1.4843
411724873326
2.0578
411725562876
1.96
411885075026
1.4746
411887709636
1.4666
411916033226
1.238
411921184456
1.9702
411960318316
1.2947
411982215766
2.3547
412124592396
2.9083
412135462136
3.9994
412144097496
2.2817
412157079486
2.5344
412169239636
3.8251
412169792676
1.7806
412188838356
1.3186
412273080866
2.2726
412298654606
1.5928
412346926236
3.1057
412350511566
1.928
412356751226
1.1297
412359613216
1.0095
412434842996
3.7241
412528623046
1.0896
412536621036
1.3332
412539459376
2.0749
412700974786
1.5325
412773296566
1.4551
412779611226
2.281
412813395186
1.2657
412853712086
1.1735
412889216876
3.2532
412893892196
1.7891
412894680496
0.88689
412901885796
2.67
412917128106
2.1315
412920682596
2.2493
412934043486
4.9041
412986998076
1.1516
412987994246
2.0465
413030842486
2.5635
413047301176
1.5685
413155061886
3.0479
413197634896
3.6337
413202437866
2.5622
413205035046
1.6459
413206953596
2.7802
413243307386
1.7266
413249182866
1.4635
413289171516
2.8636
413352637056
1.2945
413371828506
1.6521
413372385516
2.0335
413373268566
3.0022
413374789686
2.7266
413382024076
1.6237
413392790046
0.65521
413401394766
1.1471
413401648606
1.2851
413485656606
16.609
413492211846
1.8717
413537687366
0.91423
413551229546
1.1848
413585679616
3.36
413597317426
1.7056
413624258956
1.0841
413627777616
9.3933
413629494106
3.3431
413629498346
1.6853
413631571656
1.9541
413633019036
1.9417
413733064196
1.121
413745026446
1.854
413749981076
1.2723
413752906936
0.99264
413756764156
2.5008
413757289596
1.3216
413771842496
3.3826
413859158616
4.1346
413878537386
1.6093
413909045996
2.3289
414019049046
1.2408
414024817366
2.4276
414062236146
1.4535
414075957236
1.3447
414084667526
1.4133
414085228836
1.5642
414094183826
5.122
414097328046
2.2161
414102748196
1.1035
414104423046
1.9957
414117823326
3.8377
414155122756
1.3054
414157480776
3.5572
414158045566
0.66887
414163961076
1.183
414164404776
1.3774
414166686656
14.936
414170167866
1.7044
414257389686
1.8658
414270149126
5.3383
414281655036
1.9862
414306902966
3.756
414336162746
2.1258
414370020646
2.6393
414387215586
2.057
414466360306
1.6246
414495578336
1.7327
414498218146
3.6851
414521894966
2.1734
414524652456
1.4188
414712157506
2.1696
414775569546
2.6274
414849242036
2.2417
414876278776
1.8787
415041952556
1.2614
415060582096
6.7862
415065986816
3.1409
415067188686
1.0478
415222268396
2.0909
415275880206
3.3407
415320052966
1.7462
415322008496
1.3299
415326259286
3.3979
415328725276
1.7266
415331121296
2.98
415333633656
2.1814
415336155816
1.9677
415375277236
0.94841
415379113016
1.4212
415380074486
2.3563
415389473256
2.2881
415390994486
2.644
415395397126
1.274
415402910196
2.5455
415405796516
1.2866
415472680596
3.4875
415546429236
1.6462
415551068136
2.7455
415552148726
2.2642
415553665776
1.4755
415560627316
2.4093
415568629916
1.6939
415568782016
1.9916
415583676656
2.2739
415587719016
1.5641
415590799736
1.6483
415591154526
2.935
415592743436
2.3209
415592868416
1.2592
415594581836
1.6925
415595063326
1.4387
415595711026
1.7412
415609113876
1.6101
415610717736
0.95586
415620248976
4.5619
415630085436
1.5055
415641045136
1.1884
415773624956
3.4172
415814175726
2.3115
415825011206
1.3268
415831330906
3.5308
415850612406
1.9463
415854215366
1.2574
415855051166
1.8425
415857850326
1.9731
415858218196
2.0613
415860695646
1.6489
415861572226
1.4599
415862736096
1.4227
415863817686
1.9551
415865212416
2.4114
415917927116
1.2286
415942328966
1.6589
415960426696
3.7316
415962566686
9.4662
415963568866
2.1409
415969725036
1.4489
415970097846
1.4798
415971013346
4.9114
415973053986
1.4372
415973768916
1.9635
415996925266
5.1051
415997887256
2.6207
415998241066
1.466
415999163166
5.8712
416005355286
1.5059
416019139356
1.7056
416052050146
1.8595
416069855376
1.8059
416152486386
1.7301
416166567486
1.6726
416182565856
1.1785
416184525746
3.061
416191602096
3.0981
416326639386
0.88468
416540688646
0.81948
416565710746
2.7096
416580589656
3.3503
416594511306
1.7206
416597672846
1.4055
416607358606
2.2931
416607672576
1.8986
416607711466
1.3259
416609192376
1.1827
416609917146
2.3787
416610474386
2.4854
416778342236
1.4286
416780746876
4.7407
416783622876
1.0907
416793181856
1.9711
416796024696
1.4129
417015513846
1.9432
417017534416
8.0899
417033071656
3.2692
417033074806
1.6673
417058499646
1.5638
417061019146
1.2626
417063778206
1.6226
417064496126
1.6054
417065655176
1.4661
417079011906
3.0806
417080499636
6.3382
417081576506
7.1642
417084934396
2.5388
417085613086
1.4194
417161033686
1.3758
417161439986
2.1163
417162513576
1.3221
417162870606
1.943
417164153646
1.5305
417195445646
2.2788
417198844506
4.4257
417199600486
1.9933
417200004476
1.6176
417201388736
4.4454
417201802296
1.391
417202086526
0.79949
417202962706
1.4659
417205162276
1.5613
417205600356
1.4225
417211851236
1.4556
417214247426
1.5285
417214728806
2.2272
417215565016
1.6149
417217681946
3.276
417247456036
1.3945
417359869976
1.6937
417407325226
1.4818
417423304366
2.3546
417424749896
2.7158
417511216616
3.3459
417646175896
1.8283
417646370586
0.91038
417649408526
2.9541
417654254176
1.6564
417715174456
1.5833
417733159716
2.2578
417743835696
4.9541
417781761276
2.8715
417791710336
1.2409
417815355756
2.1635
417828316116
2.5826
417849256506
1.0704
417853476656
1.6849
417857959876
1.3732
417866150976
7.9023
417870271936
4.2554
417873078496
5.5572
417979222256
2.0886
417989839066
2.1569
417992477546
0.62603
417994065196
1.4821
417994118176
1.7935
417996271576
1.1947
418004594216
1.5591
418004871066
1.6985
418006143396
1.3068
418011983946
2.1509
418020389736
2.3959
418044502806
1.7619
418047671656
1.2971
418048669416
0.97724
418049502876
2.1596
418054789586
1.0677
418061300916
4.2819
418067181556
7.1747
418067788856
8.2077
418069425486
2.198
418069945336
2.986
418155223476
2.363
418155830696
1.3395
418193782676
1.8851
418195279276
1.4598
418198902186
3.5168
418203948686
1.3886
418204174116
1.7026
418214478406
1.2572
418214711276
2.7411
418223474336
3.1692
418236838546
1.9013
418248110486
1.1187
418253276096
6.8158
418268471966
1.6722
418269938336
1.3483
418331739116
2.0031
418332254046
2.3284
418340210316
1.3719
418341185916
1.7718
418341492306
1.6723
418346189296
3.7052
418349619476
1.9588
418350785546
1.9675
418350859206
2.201
418352854286
1.9103
418355690356
3.1679
418355959886
1.2947
418357815386
1.5982
418362116896
2.3389
418395069056
1.5101
418401315966
1.5734
418410343886
1.3782
418414461396
0.98789
418415582646
1.5328
418417941106
1.2032
418418589106
1.517
418423064676
2.1943
418435395746
1.7338
418435405636
1.5668
418436704486
1.4195
418438106816
4.7657
418440648916
1.8445
418443285636
1.8753
418445622266
1.4838
418445878576
2.2371
418453878776
1.18
418472459586
0.62255
418473001976
1.2861
418474688516
2.7637
418475290456
1.1924
418475441166
1.8262
418475760836
1.0755
418475844256
5.8961
418475850786
1.6727
418482339266
1.2511
418483173106
2.2845
418486410736
1.9186
418488332076
1.5852
418493686146
2.2197
418494939146
3.037
418517939096
3.2337
418579661786
1.9803
418616466036
7.6967
418617801136
1.3094
418622679436
1.5819
418622882136
2.1472
418623354306
1.5966
418626404986
1.9435
418631119956
1.1159
418633382786
1.3618
418635619716
2.2533
418635887576
2.0061
418636234036
1.3999
418664967126
1.386
418676779076
1.8412
418687854066
1.0037
418694779006
1.9772
418696734146
1.3584
418703976706
3.3763
418704977906
0.92321
418707850716
3.2194
418717258826
1.1279
418721298836
2.3466
418722537056
1.7024
418725495886
5.224
418725894106
1.6511
418728138146
1.2463
418728811456
1.7874
418731779066
3.4727
418734092536
1.0709
418767845036
2.7826
418777808046
2.3913
418782489306
2.204
418819409716
2.2223
418823584366
1.1775
418836489946
54.714
418847203986
1.8141
418852525136
1.3055
418863317556
2.1686
418863441956
2.0604
418863595986
12.231
418865472036
1.7207
418866086506
1.7455
418867271346
1.0808
418871448176
1.5731
418873686636
2.2829
418878055336
3.7139
418887489286
4.211
418908853756
4.0157
418928096756
7.5002
418933571636
5.8488
419038009406
1.2528
419038546256
1.2921
419046228366
2.2482
419048944796
1.6971
419051542896
1.3745
419052769916
1.8667
419057202366
3.5435
419064800476
0.97432
419068887746
1.0903
419172397736
2.1704
419220850006
1.2234
419248324966
1.7872
419269161546
2.1038
419273963966
2.2922
419276196536
2.1267
419284719066
3.6169
419327339176
3.0403
419332770156
1.5102
419402077796
1.4389
419436710636
1.3351
419449540196
1.3787
419466270666
1.1955
419466469496
1.1037
419474768716
1.4338
419576744386
1.3199
419582662516
1.8299
419604186466
1.3747
419609149466
3.8005
419624064276
2.6548
419686105956
0.75696
419731030936
1.4455
419737553446
3.0988
419803366686
1.913
419813441306
2.3808
419866182356
7.5351
419868297596
0.89164
419880650736
2.0187
419898084676
1.2225
419908653816
0.84777
419909427656
4.0249
419910729746
13.502
419920680146
1.4944
419924742136
2.184
419926497086
2.4821
419945854156
2.0757
419946058666
1.7567
419951197646
4.1833
419951579496
1.7579
419983878056
1.7853
419985798256
2.1016
419988711046
2.0801
420006647736
2.2928
420123640316
1.7491
420160067766
2.2761
420180909506
1.6685
420184425246
2.1204
420184425726
1.2931
420310202746
1.6197
420344840386
1.59
420351644756
1.1813
420352929736
1.9681
420472575166
4.0824
420474613976
1.5013
420615762146
1.8436
420617282396
2.0271
420617526256
2.9444
420619043056
1.9077
420728092606
3.5706
421101679646
2.2472
421106673116
2.2644
421283189236
1.3417
421287581846
1.6117
421732449306
3.4952
421736205256
2.0904
422202191756
3.1533
422388100096
1.8058
422397194236
2.2572
422397358856
2.3893
422401035036
2.2092
422584349926
6.2837
422588346826
3.6426
422592342506
2.746
422594309086
2.3972
422625159426
1.7853
422632914986
1.5748
422678293086
3.2118
422780157976
2.2625
422781034846
1.4014
422884612796
1.5824
422888134716
2.3598
422895817906
2.431
422899015586
1.0431
422983588446
1.358
423028647566
1.6951
423033806936
1.9285
423037285856
1.5323
423037289976
1.7385
423038084516
1.851
423040806576
7.1787
423124330186
1.5116
423278299866
1.3654
423281090866
0.80098
423431321186
4.0087
423908459686
1.1296
423915735026
1.4457
423918214156
1.7126
423957075416
1.6396
424071941656
1.5713
424087346646
1.1558
424144228356
1.222
424177159936
1.4121
424184752436
2.5148
424215192866
1.3377
424237718986
1.4717
424259077386
1.9595
424293814986
2.0152
424363227376
1.2529
424364862206
2.5782
424386515146
1.7821
424389894706
1.8303
424442743056
2.0159
424443236926
2.194
424449955146
1.5597
424454237456
1.046
424455554446
3.1323
424461131446
1.8146
424462144276
3.0702
424494692216
2.0787
424589225066
1.6636
424648386676
1.4325
424650304356
1.7266
424650304946
1.8418
424656683396
1.1608
424671570946
2.8789
424679012786
2.005
424709811956
1.6443
424818765436
1.2444
424830169066
2.0121
424966930496
1.3405
424967012786
3.179
425043024126
2.3311
425057960096
1.1174
425069549706
2.0341
425268998216
3.4247
425382059286
1.6971
425473714216
1.3245
425474824936
2.3541
425498222036
2.0081
425500714776
1.1896
425505078806
2.5504
425511477336
2.0006
425560263536
3.7044
425709100676
2.1112
425713466706
2.9701
425729113586
1.8096
425737878696
2.7603
425739196826
2.0979
425768377196
1.217
425834977186
2.9497
425845254896
5.1984
425892104606
3.267
425898910986
1.4818
425918387426
2.4286
425928077506
2.489
425933545386
1.4172
425933867846
1.67
425936238446
1.8027
425938941956
1.3341
425939421316
1.8778
425966214026
1.5213
425998130926
2.2232
426002132576
1.1325
426002658236
1.8491
426002814516
1.5045
426006292926
1.478
426064593076
2.2583
426070623596
1.2068
426136688416
3.1006
426139038846
2.3905
426143997176
2.799
426145998756
1.8112
426148355796
2.1786
426150995776
1.4564
426154598366
1.8636
426169520226
1.0567
426170040356
1.5145
426188257456
1.9617
426214895326
3.2334
426217814296
1.9774
426218172826
3.6104
426228536086
2.3834
426230093296
1.4608
426334749296
1.7003
426335309976
1.6849
426339946206
1.4658
426348021356
1.6441
426352654306
1.8414
426354697206
2.8
426379207196
1.5918
426384960076
2.6916
426387178906
1.4295
426392009116
1.5807
426393769536
5.6018
426421818706
1.9839
426429170316
2.4771
426641777336
1.6102
426648815436
1.425
426648852406
0.7915
426708434566
1.193
426798526146
1.9867
426941439566
2.0958
427141837686
2.6406
427186815326
2.68
427192376376
2.084
427265959716
3.5671
427341423766
4.972
427344055756
1.7395
427344988966
1.4373
427349067206
2.2188
427357287386
1.8112
427362764296
1.7597
428363502046
1.4314
428408910796
4.2241
428585106806
1.2138
428624073566
2.5029
428631034116
1.3117
428763072206
3.9671
428763831266
2.1524
428766709706
2.229
428822668416
16.227
428822925906
1.311
428822989636
1.788
428882558056
1.7241
428894730556
0.99483
428898136096
1.4123
428962381936
1.9905
428964180706
1.769
429041966296
1.9327
429067408316
1.5581
429084984576
1.6992
429114656846
4.7382
429121014356
2.837
429126250566
2.5228
429191003686
1.3159
429230400616
1.8951
429238082656
3.3512
429241105736
1.0226
429253058326
2.1946
429288328116
1.6818
429294244536
3.6621
429294807886
2.2885
429378653886
2.8846
429436245486
1.9815
429437326536
1.6666
429533273496
1.2766
429542095516
1.3402
429549848376
1.9385
429551323846
1.3854
429552000426
5.1771
429554442596
2.5064
429675592276
1.3014
429724204826
2.0181
429728470886
4.4468
429892879426
1.2315
429894558466
1.3545
429895877106
1.4528
429906837946
2.1385
429914035736
1.4287
430088349256
1.1484
430094435416
1.5113
430094916936
2.5978
430095700056
2.0919
430099711766
7.0483
430099865746
1.8919
430110956726
2.328
430111142076
3.1893
430115630386
1.3872
430122870926
3.0432
430125078066
2.3139
430126916556
1.7086
430135195176
3.8985
430182733216
2.5536
430202493506
1.1751
430217048486
4.2277
430229347996
2.7005
430262758386
3.1534
430265663606
7.4445
430294182476
4.523
430304424986
1.8433
430306545906
1.6758
430308950346
1.718
430315116146
2.4596
430315340086
1.4044
430315667696
1.2258
430318112306
2.7958
430323540986
1.5186
430325268566
10.201
430325464486
3.6441
430329383356
0.9728
430392374496
1.5897
430393775986
1.4125
430396616676
3.7147
430421000606
1.1915
430421043036
2.9481
430467143546
1.7612
430480429516
1.737
430498428356
4.4335
430508469106
1.7245
430510027946
1.4567
430512745746
1.5004
430516461066
5.5407
430581050006
2.1146
430583845546
1.1084
430627294496
1.4634
430627778476
1.9585
430628019446
1.8395
430634816146
1.0735
430770924636
2.3361
430775164086
1.9742
430792245876
0.7824
430794200886
1.2644
430807168536
1.1385
430809365116
2.4597
430823218426
4.753
430824537156
1.4698
430826176876
1.011
430829450486
4.4022
430957798066
1.3647
430999760196
2.4607
431006397796
1.9385
431022753796
2.5329
431179062596
1.1232
431208262406
2.5098
431211227766
1.2171
431220021076
1.1908
431274470246
3.364
431275631256
2.0021
431296503786
0.76222
431298702166
1.7751
431450599646
2.4618
431451839506
1.6293
431452954806
2.351
431453833456
1.4444
431476015486
4.2256
431479739426
6.9429
431483639196
2.4435
431496029816
3.2792
431525177566
1.6178
431525294376
2.3245
431527414896
4.6022
431617219216
0.94345
431617535106
1.2483
431619059276
2.1473
431623930236
1.826
431653267826
2.6276
431663002946
1.2938
431664169576
2.5173
431667724176
1.9346
431700086956
1.8373
431780729776
1.8035
431782809656
2.0004
431787602956
1.8971
431795495686
1.0833
431800091456
0.96884
431827819896
1.5954
431930557666
9.0172
431930635516
1.4165
431930875586
2.6086
431930879496
1.8239
431931316396
1.6882
431933112306
1.8448
431933992836
1.8197
431934591096
2.3754
431939157066
1.6094
431956326666
1.9808
431965841046
1.7065
431971881666
1.722
431982576786
1.5182
431985173386
1.4019
431986321806
2.1065
431989531276
2.5607
432138026406
2.2973
432139821966
3.2037
432143703626
1.8093
432144905666
1.1475
432152221086
2.6983
432213959376
1.628
432251274996
1.3803
432253193376
8.7899
432254790896
2.0895
432456909886
0.84701
432457028636
3.5286
432457948296
0.93516
432459464226
1.2669
432459903826
1.3998
432477869376
1.0187
432479264786
2.2162
432481979846
1.2909
432486213496
1.7276
432487978506
1.7337
432489613506
1.212
432490612526
1.8617
432493855076
2.9125
432641565616
0.91632
432648165336
2.0568
432826977146
2.9128
432907598786
7.4628
432911990216
1.7694
432912235356
1.3689
432912390816
1.5288
432921768326
1.3104
432968807946
1.7744
432971600406
3.7203
432995147606
2.3629
433129702606
1.579
433130268656
1.8364
433130789386
1.2034
433132222726
2.454
433132302396
1.2435
433145421956
1.4096
433146549446
1.2236
433261956366
1.6788
433267592506
1.1749
433267638266
1.3153
433336907926
10.232
433337814416
1.8972
433339863766
1.1995
433470773946
1.586
433472817946
1.0654
433479372086
2.2985
433484622076
9.4473
433485638666
2.0464
433530828726
3.1271
433532667076
1.5292
433533346146
2.5393
433537754216
1.6661
433626089616
0.66867
433629729316
1.2056
433630129126
0.92982
433630723886
1.1944
433689850256
1.2612
433697136146
2.9139
433697456366
2.4428
433699343486
1.768
433825535116
1.2676
433829095426
1.7732
433845641046
3.4919
433865899986
1.3317
433873973896
2.1239
433880097106
3.3935
433977726886
6.3471
433983606316
2.2909
433983640926
2.547
433984927916
2.495
434030644456
1.1694
434053574286
5.3611
434053613036
3.7216
434053851586
1.2378
434199687816
1.2296
434199968116
4.3589
434202484836
4.7738
434202764596
1.9296
434203641466
2.3452
434204178926
1.8146
434237831526
1.1544
434243191766
2.0626
434243633086
2.3579
434346947306
1.2403
434349183956
1.0961
434350384646
1.4558
434355606366
1.4151
434419399036
3.0972
434422311416
0.79041
434424797496
1.7488
434426233426
3.1418
434426438216
0.75747
434428717866
2.8318
434444146586
1.8682
434444669246
4.0335
434455941726
1.0061
434643943976
1.5125
434644784346
1.5182
434648349586
1.3983
434648500826
1.7054
434649308746
1.2798
434650109666
2.327
434673947486
7.5569
434701223226
2.2767
434795257576
1.7442
434797014566
1.4641
434797319136
1.2176
434799993186
0.8975
434801810946
1.4485
434806972466
1.9355
434807493576
2.0967
434814002296
1.7509
434819329386
1.5181
434821960226
1.2603
434849680226
2.2447
434877947016
1.2725
434878701336
3.633
434897756696
0.76227
434946363186
1.4052
434947849606
2.876
434956760546
1.6614
434957281776
3.5094
434958328426
2.8734
434959645586
1.9453
434962403806
1.9117
434969589586
1.2893
434982109606
2.6389
434989493806
2.2183
434992737546
1.8122
434993056106
1.3895
434993170106
1.6443
434993214256
1.7724
434995299686
2.3921
435014501866
2.3803
435014503076
6.344
435018667016
1.4095
435022145806
1.8382
435121421526
1.8821
435142643956
1.6342
435145006636
1.7804
435147245486
4.6929
435150524566
1.6922
435150684296
2.0332
435150766056
1.5197
435154880586
1.2715
435196410176
1.7936
435217318626
6.5906
435223373746
1.4108
435230653056
1.4214
435325098946
2.1277
435392637506
3.7124
435393994056
4.0274
435394196006
1.1991
435403310326
1.2001
435404438586
2.6176
435407510706
5.9978
435415595026
4.5233
435415877316
2.0024
435445981576
1.7858
435458026966
1.4065
435462627696
1.9956
435512367676
1.2555
435526481236
2.1566
435543956386
1.4912
435545831536
1.07
435558474296
1.8024
435608386576
0.95293
435608905296
4.4284
435608905926
2.139
435611940026
1.4438
435617300036
3.4224
435689315536
1.9229
435763669236
1.5917
435763983256
1.2208
435769020626
1.8819
435783502566
1.7182
435805857936
1.1069
435807738956
1.8337
435810252736
2.2531
435815176756
4.267
435908588566
1.4939
435935289806
1.3853
435937968226
3.7199
435938449226
4.3842
435972930916
3.779
435972979536
2.5598
435978134586
1.8456
435991332526
3.1283
436057925156
2.5234
436121207896
1.2551
436121885866
3.2986
436123763266
2.9142
436125322806
1.1772
436138379616
3.2657
436139657166
1.1921
436282129736
2.845
436282726116
0.9961
436283601736
1.9498
436283927046
3.0547
436415525086
1.3878
436456000336
1.4966
436522302906
1.989
436573630636
3.9749
436600231726
0.99432
436606759696
4.8165
436611317996
0.69034
436612190876
2.5665
436714279806
2.1566
436719158826
1.3646
436726199696
1.8716
436758834586
1.5556
436759957926
3.6005
436761714046
2.9642
436794666876
1.8533
436795586886
1.4457
436797545586
1.5118
436797707036
1.1566
436798149876
1.6713
436821626536
1.3146
436822265706
1.0253
436822387146
1.2566
436822864226
2.7082
436824108976
0.94249
436831189166
4.4684
436834107146
3.3981
436834824266
2.3838
436836828596
2.2041
436838792366
0.66283
436840703266
1.9249
436893470206
1.858
436936581336
1.5796
436949785886
1.2635
436975868106
3.4036
436985860706
5.6243
437047447086
1.2566
437053688296
1.502
437154778106
1.3825
437155936136
3.4309
437156854416
1.4844
437179139606
1.7041
437184298646
7.0976
437188295656
2.0747
437192571466
1.3902
437193016006
0.9427
437197414776
1.4582
437205496766
5.0329
437306699626
3.1599
437307216116
1.2971
437309017666
1.8167
437311323386
1.4891
437312410076
3.4248
437312892626
3.2772
437313003896
2.4193
437313086156
1.5706
437336006166
5.1906
437336524466
2.2501
437337482876
2.3289
437341691606
4.6622
437349605556
1.0048
437350567146
1.172
437438008796
1.5875
437462886666
7.27
437470046506
3.4079
437472203716
1.8641
437477080336
0.99326
437482739136
1.5483
437535634776
13.957
437540599226
3.1469
437573399656
1.6077
437576194766
3.9742
437576754146
1.1678
437577633076
1.9586
437611871886
1.2435
437641682656
0.87837
437761627076
4.0074
437763749696
0.90872
437766347486
0.94733
437767183546
1.3941
437772823646
2.5631
437803584466
2.3047
437833584696
1.875
437833788296
2.541
437900298826
3.4301
438135850316
1.201
438137490816
2.9477
438138413186
1.9295
438142858266
1.7346
438147890366
1.5819
438198336316
1.1296
438200173786
1.8003
438203495076
1.7024
438303882116
1.7006
438305601536
1.9782
438307609676
1.0571
438308722456
1.4905
438309683266
1.4388
438339441536
1.6841
92739510966
0
94630319266
7.705
