0.0036875410
0.0054077469
0.0061277999
0.0050689643
0.0096606696
0.010421968
0.0055917595
0.0086048059
0.010837639
0.012100932
0.010141847
0.0066634775
0.0074141286
0.0029337129
0.0030662601
0.0038392551
0.0050101592
0.0050505041
0.0069966149
0.0060323756
0.0093019353
0.0087237172
0.0047574411
0.0068888832
0.0088820783
0.0089028133
0.011640221
0.0068931882
0.0069733341
0.0021534713
0.0023229474
0.0029449731
0.0046987794
0.0057956628
0.0093495883
0.0066991299
0.0081599774
0.0087811975
0.0041699214
0.0058772876
0.0077359555
0.0078848498
0.0058820783
0.0041537732
0.0060787066
0.0020356921
0.0016470252
0.0024078200
0.0032567643
0.0034818863
0.0051609003
0.0033818679
0.012317544
0.011430684
0.0030868168
0.0034476714
0.011054658
0.0096367151
0.0035835700
0.0022993556
0.0054177283
0.0018757936
0.0016221869
0.0017482596
0.0035130105
0.0030883041
0.0033272505
0.0028035396
0.018220259
0.015040164
0.0028974423
0.0025219552
0.015664132
0.011795878
0.0032037415
0.0022533610
0.0067980662
0.0022123896
0.0017993908
0.0016783613
0.0025309208
0.0028048113
0.0030851355
0.0033165321
0.010746320
0.013986759
0.0025593105
0.0023812987
0.010505470
0.011274588
0.0034392031
0.0021830890
0.0068144705
0.0050341892
0.0017947243
0.0016443824
0.0027330441
0.0033265271
0.0035705797
0.0039781267
0.0088260537
0.014120552
0.0032129153
0.0035728547
0.0091034742
0.013355498
0.0041431137
0.0027414879
0.0099867322
0.0062723672
0.0022498595
0.0023073950
0.0030199445
0.0042388323
0.0048820921
0.0046617566
0.010279501
0.014084816
0.0051587434
0.0060628341
0.010771666
0.012511478
0.0055871475
0.0039237146
0.0096796630
0.0030613858
0.0025480273
0.0039333091
0.0046836971
0.0062445453
0.0070830598
0.0062773484
0.010439348
0.013755585
0.0082990117
0.014360990
0.013455674
0.014505519
0.016888114
0.011409061
0.0094166966
0.0032295475
0.0034464661
0.0045080921
0.0061877379
0.0060141715
0.011466251
0.0093958694
0.010884793
0.011517696
0.0064456291
0.011493083
0.0097687487
0.010541870
0.019256262
0.011256839
0.0078560673
0.0023839779
0.0025792997
0.0035320194
0.0055320221
0.0068481984
0.016552189
0.012279156
0.0093801236
0.011762452
0.0054082046
0.010751019
0.0080820350
0.010360310
0.0095032547
0.0060721505
0.0059967600
0.0020149553
0.0020242010
0.0028453649
0.0041202027
0.0042597586
0.0077057313
0.0052990243
0.015390936
0.016343303
0.0042326907
0.0055040778
0.013104238
0.013508768
0.0054814904
0.0031080507
0.0058238478
0.0017715748
0.0019785538
0.0020488622
0.0043828692
0.0034408469
0.0037165789
0.0033439056
0.024666976
0.020246146
0.0038177113
0.0029737419
0.021118047
0.015227786
0.0047945245
0.0027974281
0.0095416605
0.0023946343
0.0020159623
0.0019309135
0.0029070855
0.0032656267
0.0035652590
0.0041061752
0.012808098
0.016071212
0.0032612539
0.0030015213
0.012169785
0.013135939
0.0049848678
0.0029330896
0.0082906382
0.0070199855
0.0023173371
0.0020359124
0.0031863817
0.0039212634
0.0041397405
0.0046602925
0.010007248
0.016455475
0.0043111425
0.0046437820
0.010670399
0.017803315
0.0053653540
0.0037377337
0.011002584
0.0084816730
0.0032097925
0.0028693525
0.0036597447
0.0048475224
0.0054518622
0.0055388343
0.010394939
0.019757988
0.0076196273
0.0093651982
0.013209839
0.016551236
0.0079738619
0.0056684846
0.011264220
0.0035825595
0.0031381499
0.0046440125
0.0049953461
0.0066144313
0.0084025171
0.0064280475
0.011890057
0.020149529
0.012500815
0.027490886
0.015486283
0.020011690
0.029591866
0.020107556
0.010828888
0.0032937082
0.0035085217
0.0044279941
0.0074150339
0.0056394394
0.020666204
0.014205664
0.013276190
0.016159469
0.0080351681
0.021219997
0.010266151
0.013910503
0.033216272
0.021277465
0.0076068896
0.0020992213
0.0025990813
0.0030624114
0.0064854166
0.0078874202
0.033023573
0.021663969
0.011310030
0.014631087
0.0065190829
0.019797625
0.0081227953
0.011539350
0.015851539
0.010349890
0.0051457030
0.0018611230
0.0020292967
0.0027879144
0.0046309698
0.0046393555
0.012990253
0.0076163523
0.013546853
0.018594800
0.0052214735
0.0086761070
0.014721767
0.014866658
0.0090455990
0.0041613732
0.0068564327
0.0015603772
0.0018944439
0.0019279204
0.0047546341
0.0030879430
0.0047658114
0.0030368723
0.020623252
0.021063292
0.0043689976
0.0033745670
0.024913607
0.017917920
0.0072627156
0.0031226338
0.013267337
0.0028914355
0.0019715766
0.0017145945
0.0026600901
0.0026302931
0.0041131154
0.0044120993
0.011267398
0.013781716
0.0033475601
0.0032671734
0.016748130
0.018375853
0.0074678478
0.0033791964
0.011850282
0.011489394
0.0031917496
0.0021432352
0.0026904950
0.0034400444
0.0050912336
0.0048376322
0.010212462
0.017794617
0.0050613778
0.0065452214
0.015810493
0.024856338
0.0077853757
0.0045312690
0.015673419
0.013547826
0.0050963745
0.0034799401
0.0033729128
0.0047903508
0.0061711143
0.0050245048
0.012560224
0.027301356
0.011808980
0.017148063
0.017845549
0.023385745
0.012819456
0.0079546766
0.014849470
0.0042277402
0.0036558949
0.0054999189
0.0081338547
0.0083185686
0.014637785
0.010092021
0.015075048
0.028603775
0.017534392
0.043385085
0.023430414
0.036805183
0.051322624
0.035136659
0.017993413
0.0050538224
0.0044158553
0.0066560553
0.013512621
0.0074657844
0.035308667
0.020822002
0.019421520
0.024555853
0.011829546
0.035206493
0.015419051
0.025990348
0.062747836
0.040097818
0.012407921
0.0027083016
0.0033377497
0.0035929028
0.010609913
0.012299063
0.057679437
0.033069469
0.017403457
0.023912586
0.0096499566
0.032475013
0.011186339
0.019759342
0.025837803
0.019496087
0.0076145381
0.0022630985
0.0024702144
0.0033059693
0.0058274497
0.0071328203
0.022528280
0.011136277
0.021950305
0.029869130
0.0073009506
0.013819645
0.022021180
0.023879495
0.012298226
0.0065483572
0.0096348198
0.0018978969
0.0020778109
0.0020800659
0.0052950513
0.0035762663
0.0083161043
0.0042155827
0.034081213
0.031330016
0.0047425660
0.0045810309
0.038037311
0.028231405
0.0090684602
0.0041791713
0.015241464
0.0047653629
0.0023686006
0.0015491208
0.0033524907
0.0026144197
0.0070514637
0.0072752349
0.014794991
0.019000005
0.0039705723
0.0052713682
0.024970980
0.032295264
0.0086544575
0.0049489960
0.017648501
0.022356503
0.0057945186
0.0027300818
0.0035593584
0.0037748562
0.0093664881
0.0079785436
0.011855584
0.024191368
0.0081098592
0.012929450
0.025703192
0.042503439
0.010903565
0.0074805226
0.028414244
0.026338525
0.0098908981
0.0059598349
0.0046802061
0.0056620361
0.011435266
0.0077075418
0.015074354
0.036134753
0.018947966
0.031569887
0.027948469
0.039922543
0.017747127
0.011844407
0.025462495
0.0069475835
0.0055671590
0.0088001918
