0.022282
0.020294
0.050691
0.022845
0.010186
0.0083103
0.014506
0.01244
0.033234
0.024143
0.022411
0.019762
0.00069537
0.00069488
0.018507
0.0037107
0.0012924
0.0010584
0.0058206
0.00083274
0.0059169
0.0041127
0.00145
0.0020173
0.0083203
0.0078636
0.017116
0.0036303
0.005514
0.0033899
0.0024336
0.0028317
0.0070281
0.0088736
0.0083072
0.0087901
0.0058109
0.0015296
0.0051265
0.0086082
0.0013536
0.0003105
0.0020141
0.0057358
0.0080898
0.0041257
0.0028371
0.0045139
0.0074554
0.010206
0.0099417
0.0068962
0.0020257
0.0035515
0.0042375
0.0030399
0.012199
0.007031
0.0098163
0.0044408
0
0
0.00073354
0.00018048
0
3.1747e-05
0.002347
4.1322e-05
0.00046364
0.0016703
7.0987e-06
0
0.00069537
0.00069488
0.00020937
0.0015526
0.00081456
4.1585e-05
0.0018227
1.0039e-05
0.002741
0.00064807
0.0012761
0.0020173
0.0043832
0.0039948
0.0045022
0.0011518
0.0025282
0.0010959
0.0012084
0.00062941
0.0025945
0.004807
0.0030284
0.0050976
0.0022987
0.0011179
0.0038471
0.00025415
0.00036675
0.00075374
0.00041272
0.00058989
0.0034257
0.004617
0.0045155
0.0021914
0
0
0.0014945
0.0012093
0.00024886
0.00075858
0.0012866
0.00077428
0.0027122
0.00097314
0
0
0
0
0.014781
0.0007683
0
0
0
0
0
0
0
0
5.5443e-05
0.00036497
0.0062373
0.00012784
0.00037783
0.00017495
0
0.00030129
0
0.00027072
0
0
0.00055341
0.0015222
0.0032843
0.0020965
0.0024701
0.0011752
0.0011767
0.0010612
0.00069855
0
0.00015216
0
0
0
0
0
0
0
0.00044036
0.0013751
0
0
0
0
0
0
0
0
0.00019376
0
0.00029391
0.0012927
0.0047424
0.0005758
0
0
0.00039778
0.0023569
0.0048754
0
1.0039e-05
2.2448e-05
0.00040251
1.7096e-05
0.0047916
0.00088376
0.001136
0.00027953
0.00076567
0.00081138
0.0013066
0.0013187
0.00096899
0.0016341
0.0015513
0.0010865
0.001657
0.0025387
0.001744
0.00050957
0.0022132
1.7096e-05
0.0028775
0.0068663
0
1.3089e-05
0.00013326
0.0017592
0.0017175
0.00074117
0
0.0017549
0.0015912
0.0015125
0.002249
0.00066111
0.0011599
0.00029741
0.00071479
0.00034605
0.0010073
0.0018237
0.0017441
0.0022505
0.0012088
0.0018659
0.0019998
0.0038182
0.00031967
0.00061221
0.0011384
0.0011486
0.0018624
0.0025725
0.0050026
0.0019939
0.0039713
0.0051717
0.0019458
0.0018495
0.00017163
0.00091951
0.0011834
0.0013386
0.0037077
0.001122
0.0012204
0.0011347
0
0
0
0
0
0
0
0
0
0
0
0
0
0
0
0
0
0
0
0
0
0
0
0
0
0
0
0
0
0
0
0
0
0
0
0
0
7.0987e-06
0
0
7.0987e-06
9.524e-06
0
0
0.00076079
0.00064807
0
0.0012064
0.00025322
0.00061451
0.00050144
0.00032353
0.0008256
0.0002796
0.00065728
0.00021491
0.00066738
0.0019054
0.00015287
0.0030043
0.00059556
0.00076629
0.0015422
0.00082827
0.0013301
0
0.00018685
0.00023142
0.00061284
0.0018302
0.0014553
0.00022603
0
0
0.00046116
0
0
0
0
0
0.0020402
0.0029002
0.0030582
0.00061419
0.0013342
0.00075848
0.00032341
0
0
0
0
0
0
0
0.00084139
0.0010731
0
0
0
0
0
1.2699e-05
0.0012891
2.7124e-05
1.8511e-05
0.0016703
0
0
0
0
0.00052573
0.00018048
0
1.9048e-05
0.0010579
1.4197e-05
0.00011711
0
7.0987e-06
0
0
0
0
0
0
3.2061e-05
0.0018227
1.0039e-05
7.5236e-05
0
0
0
0.00069537
0.00068778
0.00020937
0.0015526
0.00080747
0
0
0
0.001905
0
0.0012761
0.00081096
0.00038124
0.00051757
0.0012992
0
0.00037249
0.00043518
0.00036426
3.5494e-05
0.0013143
0
0.00059459
0.00029535
0.0031532
0.0014791
0.0011594
0
0
0.00038108
0
0.00014758
0
0.0010714
0.00082566
0.001572
3.1747e-05
0
0.00055787
0.00025415
0.00036675
0.00045282
0.00011501
0.00058989
0.00095747
0.00032139
0.00014506
0
0.00093276
0.00035942
0.001229
0
0
0.00030092
0.0002977
0
5.9899e-05
0.00042499
0.0004709
0.00050414
0
0
0
0
0
0.00075858
0.0012866
0.00077428
0.002398
0.0005196
0
0
0
0
0.0017023
0.0012093
0.00024886
0
0
0
0.00064227
0.00045354
0
0
0
0
0.0054112
0.0007683
0
0
0
0
0
0
0
0
0
0
0
0
0
0
0
0
0
0
0
0
0
0
0
0
0
0
0
0
0
0
0
0
5.5443e-05
0.00061736
0.00052909
0.00012784
0.00037783
0.00017495
0
0.00030129
0
0.00027072
0
0
0
8.8036e-05
0.00070504
0.00013842
0.00070508
0.00037596
0.0005415
0.00041881
0.00082272
0
0.00015216
0
0
1.0039e-05
0.0010488
0.00061531
0
0.00038189
0.00013728
0.00034966
0.00024397
0.00097039
0
0
0
0
0
0
0
0
0
0
0
0
0
0
0
0
0
0
0
0
0
0
0
0
0
0
0
0
0.00061333
0
0
0
0
0
0
0
0
0
0
0
0.0087564
0
0
0
0
0
0
0
0
0
0
0
0.0043124
0
0
0
0
0
0
0
0
0
0
0
0
0
0
0
0
0
0
0
0
0
0.00055341
0
0
0
0
0
0
0
0
0
0
0
0
0.0014241
0.0028061
0.0013428
0.001765
0.00041737
0.00049794
0.00029269
0
0
0
0
0
0
0
0
0
0
0
0
0
0
0
0
0
0
0
0
0
0
0
0
0
0
0
0
0
0
0
0
0
0
0
0
0
0
0
0
0
0
0
0
0
0
0
0
0
0
0
0
0
0.0010682
0.0035971
0
0
0
0
0
0
0
0
0
0.00039778
0.0016536
0.0026741
0
0
0
0.00036429
0
0.00022724
0
0.001136
0.00027953
0
0
0
0.00057653
0
0.00087405
0.00038101
0.00016621
0.00027064
0.00085121
0.0010508
0
0
0
0
0
0.0003864
0
0.00046217
0.00028168
0.00074462
0
0
0
0
0
0
0
0
0
0
0
0
0
0
0
0
0
0
0
0
0
0
0
0
0
0
0
0
0
0
0
0.00013051
0
0.00011273
0.00033526
0.0014766
0
0
0
0
0
0
0
6.3255e-05
0
0
0.00058959
0.0027846
0.0005758
0
0
0
0
0
0
1.0039e-05
2.2448e-05
3.8228e-05
1.7096e-05
0.0032928
0.00064066
0
0
0
0
0
0
0
0
0
0
0.0012716
0.0002431
0
0
0.00076567
0.0002843
0.0009362
0.00020223
0
4.4445e-05
0.00017693
0
0
0.00045819
0.00022578
0
0
0
0.00037037
0.00053996
0.00058259
0.00071562
0.00053123
0
0.00047504
0.00061844
0.00046746
0.00035689
0
0
0
0
0
0
0.00013326
0.00071702
0.0012993
0.00015952
0
0
0
0
0
0
0
0
0.00044036
0.0019115
0.00041825
0
0
0
0
0
0
0
0
0
0.00018118
0.00036785
0.00048129
0
0
0
0
0
0
0
0
0
0
0
0
0
0
0
0
0
0
0
0
8.2827e-05
7.4155e-05
0.00023219
5.0196e-05
0
2.4177e-05
0
0
0
2.0328e-05
6.5138e-05
3.2685e-05
0.0003751
0.0001832
0.00023348
0.00032951
2.2893e-05
0
0
4.1468e-05
0
0
0
8.5275e-05
0.00014621
0.00033875
0.00036052
0.0001079
0.0001998
0
1.2699e-05
0
0.00052708
0
0.00012856
8.636e-05
8.0938e-05
8.6651e-05
0.00085498
0.00016666
0.00076774
0.00028021
0.00020124
0.00065401
1.7096e-05
0.0013551
0.0027989
0
1.3089e-05
0
7.0987e-06
0
0
0
1.9048e-05
0.0015592
0
0.0015224
0.0033083
0
0
0
0.00049876
0
0.00058165
0
0.00010399
0.00041194
0.0004819
0.00040561
0
0.0011599
0
0.00045932
0.00034605
0.00084878
0.00047599
0.001134
0.00065802
0.00044332
0.0010306
0.0018434
0.00066111
0
0.00029741
0.00025547
0
0.00011273
0.00042737
0.00061007
0.00077498
0.00078332
0.0017025
1.3469e-05
0
0.00013506
0
0.00036639
0.00013204
0.00035578
0.0014478
0.0042678
0.0017964
0
0
0.0014856
0.0032609
0.00015192
0.00015428
0.00051467
0
0.00059971
0
0.0007107
0
0.0005718
0.00058353
0.00041647
0.00079136
0
0.00019073
0.00075803
0.00076166
0.0029787
0.00028353
0
0
0.0024408
0.0039511
0.0010111
0.00030604
0
0.00048576
0
0
0
0
0.00094023
0.0010735
