0.011027
0.0060313
0.067263
0.043286
0.013405
0.02499
0.0080862
0.0060173
0.023891
0.02397
0.0055444
0.020942
0.0047486
0.0011996
0.025995
0.014826
0.0028853
0.0020146
0.00072661
0.0003421
0.0075693
0.0027286
0.00071983
0.013974
0.00040548
0.0012673
0.0045114
0.0056755
0.0030761
0.0022103
0.0010787
0.00089543
0.0021881
0.0017457
0.0017931
0.0014256
0.0027908
0.00095317
0.032071
0.016741
0.0013626
0.002409
0.00046053
0.0022779
0.011892
0.018768
0.001886
0.003364
0.0030818
0.0026112
0.0046844
0.0060444
0.0060808
0.018356
0.0058204
0.0025019
0.0022412
0.00072796
0.0011456
0.0021782
0.00055329
0
0
0
0
0
0
0
0.002138
0
0
0.0015964
0.0039045
0
0
0
0
7.3115e-06
0
5.4497e-06
0.0023769
0.0014668
1.6349e-05
0.0095615
0
0.00022817
0.00022126
0.00017448
0.0014607
0.0012989
0.00034999
0.00012438
0.00050334
6.8977e-05
0.00096167
0.00023559
0.00024015
0.00050976
0.0013832
0.002288
0.0010739
0.00072307
0.00061681
0.00062377
0.0011839
0.0013665
0.00046256
0.0010118
0.00018456
0.0001444
0.0049004
0.0064129
0.0024387
0.0018755
0.00057694
0.00014537
0.0030268
0.00072076
0.0005703
0.002569
0.00010624
0.0010552
0.020795
0.0077365
0.00044656
0.0001318
0.00011521
6.8041e-05
2.7574e-05
5.1412e-05
0.00013317
0.00013781
5.6267e-05
0.00035702
0.0024757
0.0028934
0.00015207
2.247e-05
3.4467e-05
7.201e-05
0.00018388
0.00031018
0.00012655
0.00028798
8.6991e-05
0.00017233
0.00043385
0.00037207
0.00016568
0
0
0
0
0
0
0
2.0097e-05
0.00014815
9.9465e-05
0
2.5445e-05
0.00030882
0.00032394
0.00041687
0.00024722
0.0048079
0.00028995
1.4825e-05
0.00034853
0.00041039
0.014652
0.0053688
0.0012717
0.0003745
0.00013658
0.0013188
0.0047746
0.0080915
0.0015012
0.00048307
0.0023394
0.0023027
0.0027168
0.0033592
0.0037949
0.0084393
0.0017557
0.0020404
0.0019254
0.0002219
0.0003298
0.00061114
0.00051659
0.00030851
0.0022573
0.002099
0.0020363
0.0095044
0.0034544
0.00064374
0.00035098
0.00050606
0.00090861
0.0015061
0
0.00039463
0.0089493
0.0025218
0
0.0016571
0
0.00047017
0.0035217
0.0025551
0
2.4372e-06
0.0024221
0
0.0079191
0.0088453
6.5396e-05
6.8632e-05
0
8.8346e-05
0.0033483
0.0038026
9.48e-05
0.0016622
0
0
0
0
0
0
0
0
0
0
0
0
0
0
0.00013102
0.00077376
0
0.00013244
7.6529e-05
0
0
0
0
0
0
0
0
0
0
0
0
0
0
0
0
0
0
0
0
0
0
0
0
0
0
0
0
0
0.002252
0
0
0
0
0
0
5.4497e-06
0.0023769
0
1.6349e-05
0.0061883
0
0
0
0
0
0
0
0
0
0
0
0
0
0
0
0
0
0
0
0
0
0
0
0
0
0
0
0.00017448
0.00018316
0
0
0
0.00020549
0
7.3318e-05
0
0
0
0
0
0
0
0
0
0
0
0
0
0
0
0
0
0
0
0
0
0
0
0
0
0
0
0
0
0
0
0
0
0
0
0
0
0.00055329
0
0
0
0
0
0
0
0.0014553
0
0
0.0015964
0.0016525
0
0
0
0
7.3115e-06
0
0
0.00068276
0.0014668
0
0.0033732
0
0
0
0
0
0
0
0
0
0
0
0
0
0
0
0
0
0.00010581
0.00019333
0.00010473
0.00027882
6.8977e-05
0
0.00023559
0
0.00022817
0.00022126
0
0.00067281
0.00097745
0
1.9649e-05
0
0
0.00073312
0
3.4895e-05
0
0.00037366
0.00093621
0.00097493
0.00057578
0.00034926
0.00010736
0.00035238
0
0.00052531
0.0002659
0.00020526
0.00017047
0.00047462
0.0013518
0.00042969
8.3007e-05
0.00042422
0.00034454
0.00058082
0.0013665
0
0.0004117
0
0.0001444
0
0
0.00034153
0.0014321
0.00057694
1.3125e-05
0
0.00072076
0.0005703
0
3.7835e-05
0
0.00078
0.0031861
0.0017911
0.0002029
0
8.8312e-05
0.0030268
0
0
0.002569
4.1504e-05
0
0.0010371
0.0034884
0.00022902
8.5498e-05
8.3436e-05
6.8041e-05
2.7574e-05
0
0.00013317
0.00012298
7.1348e-05
8.6114e-05
0.00079734
0.00070866
4.1432e-05
4.6306e-05
0
0
0
0
0
1.4825e-05
0
0
0
0
0
0
0
0
0
0
0
0
0
0
0
0
0
0
0
0
0
0
0
0
0
0
0
0
0
0
0
0
0
0
0
0
0
0
0
0
7.6296e-05
0
0
0
0
0
0
0
0.00010522
0
0
0.00049644
0.00021995
0.0001511
0
4.3937e-05
0
0
0
0
0
0
0.0032171
0.0020013
0
8.9382e-05
0
0
0
0
0
0
0
0
0.0063894
0.0019111
0
0
0
0
0
0
0
0
3.4895e-05
0.0003115
0.010727
0.001459
0.00011725
0
3.1777e-05
0
0
5.1412e-05
0
0
5.6267e-05
0.00090124
0.0052231
0.0023687
0.00014503
0
3.4467e-05
0
2.5908e-05
7.2339e-05
1.9649e-05
0.00017563
0
0.0001134
0
0.0014231
0.00015207
2.247e-05
0
7.201e-05
0.00015798
0.00023784
0.0001069
0.00011235
0
0
0
0
0
0
0
0
0
0
0
0
0
0
0
0
0
0
0
0
0
0
0
0
0
0
0
0
0
0
0
0.00021501
6.2707e-05
0
3.5486e-05
1.4825e-05
2.0097e-05
5.3229e-05
1.7575e-05
0
0
0.00010819
0
9.3049e-05
9.7252e-05
4.8377e-05
1.7743e-05
0
0
0
0.0055363
0.00049209
7.1056e-05
0
0.00015382
0.00010559
6.204e-05
0
0.00012655
0
0.00020028
0.00013648
0.00075028
0.00041092
0.00040585
9.706e-05
0
0.00056715
0.0027269
0.0015538
0.00025768
0.0001993
0.0017382
0.0020983
0
0
1.9649e-05
0
0.00054354
0.0015579
0.0018169
0.001067
0
0.00010099
2.207e-05
9.0176e-05
0
0
0.0011384
0.005804
0.0007377
0.00063288
3.6361e-05
0
9.2834e-05
0
0
0.00022017
0.0005681
0
0.0024966
0.0041419
0.00053752
7.8483e-05
0
0.00042484
0.00083231
0.00060989
0
0
0
0.00063876
0
0.0040427
0.0026477
0.00051591
0
0
0
0.00054699
0
0
0
0
0
5.1781e-05
2.7252e-05
3.5486e-05
0
0
0
0
0
0
8.1891e-05
0
2.5445e-05
0.00014886
0.00022534
7.3318e-05
8.7263e-05
0.0042994
0.00023672
0
0.00014825
0.00019743
0
0
0.00058652
0
5.4114e-05
0.00015382
0.0006172
0.0031675
0.00076806
0
0
0
0.0064427
0.0037586
0
0.00017886
0
0
0.001159
0.0024583
0.00034892
2.6809e-05
0
0
0.0046394
0.0033263
0.00063992
0.00035588
0.00029141
0.0001069
0
0.00052711
0.00011905
0.00041319
0.00053763
0.0002802
0
0.00041507
0.00085529
4.688e-05
0.00012515
0.00020178
0.00028164
0
0.00011792
0.00035393
0.00017627
0
0.00048082
0.0006097
0.00017034
0.00033453
5.4114e-05
3.3149e-05
0.00015889
3.1211e-05
0
0.00014388
0.00012032
0
0.00083991
0.00061359
0.0005153
0.00038156
0
4.9349e-05
0.00019209
0
0
0.00020536
0
0
0.003249
0
0
0.0016571
0
0.00015699
0.002118
0.0010325
0
2.4372e-06
0
0.00039463
0.0040143
0.0025218
0
0
0
0.00031318
0.0014037
0.00062219
0
0
0
0
0.00083928
0
6.5396e-05
0
0
8.8346e-05
0.0020844
0.0039342
9.48e-05
0
9.9418e-05
0
0
0
0
6.8632e-05
0
0
0.0012639
0.00076883
0
0
0
0
0
0
0
0
0
0
0
0
0
0
0
0
0
0
0
0
0
0
0
0
0
0
0
0
0
0
0
0
0
0
0
0
0
0
0
0
0.00013102
0
0
0
0
0
0
0
0
0
0
0
0
0
0
0
0
0
0
0
0
0
0
0
0
0
0
0
0
0
0
0
0
0
0.00057522
0
0.0047777
0.007232
0
0
0
0
0
0
0
0
0.0017475
0
0.0039881
0.0016132
0
0
0
0
0
0
0
0.0016622
0
0
0
0
0
0
0
0
0
0
0
0
0
0
0
0
0
0
0
0
0
0
0
0
0
0
0
0
0
0
0
0
0
0
0
0
0
0
0
0
0
0
0
0
0
0
0
0
